1.92869e-08 3.71986e-16 0
1.87773e-08 3.52847e-16 5.09619e-10
1.81944e-08 3.31888e-16 6.52979e-10
1.75495e-08 3.09874e-16 7.931e-10
1.69364e-08 2.89855e-16 8.67948e-10
1.63694e-08 2.72075e-16 9.07623e-10
1.58325e-08 2.55927e-16 9.36305e-10
1.5321e-08 2.41166e-16 9.58703e-10
1.47894e-08 2.26706e-16 9.98719e-10
1.42727e-08 2.13295e-16 1.03195e-09
1.37677e-08 2.00814e-16 1.06127e-09
1.32357e-08 1.88622e-16 1.10529e-09
1.2696e-08 1.77088e-16 1.15108e-09
1.21427e-08 1.66189e-16 1.20078e-09
1.16125e-08 1.5628e-16 1.2372e-09
1.10924e-08 1.47189e-16 1.26881e-09
1.05574e-08 1.38766e-16 1.30639e-09
1.00016e-08 1.31074e-16 1.3513e-09
9.47925e-09 1.24175e-16 1.3808e-09
9.00944e-09 1.17967e-16 1.39164e-09
8.58384e-09 1.1235e-16 1.39046e-09
8.19766e-09 1.07243e-16 1.38085e-09
7.84447e-09 1.02581e-16 1.3659e-09
7.52047e-09 9.83067e-17 1.34729e-09
7.22294e-09 9.43747e-17 1.32608e-09
6.94909e-09 9.07453e-17 1.30316e-09
6.69454e-09 8.73846e-17 1.27954e-09
6.45855e-09 8.4264e-17 1.25537e-09
6.23955e-09 8.13587e-17 1.23095e-09
6.03374e-09 7.86469e-17 1.20689e-09
5.84148e-09 7.61101e-17 1.18304e-09
5.66143e-09 7.37318e-17 1.15953e-09
5.4922e-09 7.14977e-17 1.13652e-09
5.33349e-09 6.93951e-17 1.11395e-09
5.1829e-09 6.74125e-17 1.09208e-09
5.04071e-09 6.554e-17 1.0708e-09
4.90613e-09 6.37688e-17 1.05011e-09
4.77883e-09 6.20908e-17 1.03e-09
4.65829e-09 6.04989e-17 1.01046e-09
4.54329e-09 5.89865e-17 9.91567e-10
4.43399e-09 5.75479e-17 9.73237e-10
4.33065e-09 5.61779e-17 9.55388e-10
4.23163e-09 5.48716e-17 9.38145e-10
4.13706e-09 5.36246e-17 9.21441e-10
4.04693e-09 5.24331e-17 9.0523e-10
3.96125e-09 5.12935e-17 8.89469e-10
3.8782e-09 5.02022e-17 8.74292e-10
3.79861e-09 4.91564e-17 8.59577e-10
3.72279e-09 4.81533e-17 8.45258e-10
3.64983e-09 4.71904e-17 8.31388e-10
3.57952e-09 4.62652e-17 8.17951e-10
3.51204e-09 4.53755e-17 8.04901e-10
3.44702e-09 4.45195e-17 7.92241e-10
3.38447e-09 4.36951e-17 7.79943e-10
3.32436e-09 4.29008e-17 7.67987e-10
3.26608e-09 4.21348e-17 7.56397e-10
3.21034e-09 4.13957e-17 7.45096e-10
3.15599e-09 4.0682e-17 7.34152e-10
3.10396e-09 3.99926e-17 7.23475e-10
3.05367e-09 3.93262e-17 7.13089e-10
3.00489e-09 3.86816e-17 7.02997e-10
2.95713e-09 3.80578e-17 6.93212e-10
2.91142e-09 3.74538e-17 6.8365e-10
2.86699e-09 3.68686e-17 6.74349e-10
2.82395e-09 3.63015e-17 6.65286e-10
2.78221e-09 3.57515e-17 6.56458e-10
2.74167e-09 3.5218e-17 6.47855e-10
2.70219e-09 3.47001e-17 6.39477e-10
2.66386e-09 3.41973e-17 6.31305e-10
2.62657e-09 3.37088e-17 6.23337e-10
2.59084e-09 3.32341e-17 6.15533e-10
2.55587e-09 3.27726e-17 6.07931e-10
2.52183e-09 3.23238e-17 6.0051e-10
2.48885e-09 3.1887e-17 5.93257e-10
2.45677e-09 3.1462e-17 5.86172e-10
2.42537e-09 3.10481e-17 5.7926e-10
2.39467e-09 3.06449e-17 5.72511e-10
2.36529e-09 3.02521e-17 5.65886e-10
2.3362e-09 2.98693e-17 5.59435e-10
2.30779e-09 2.94959e-17 5.53128e-10
2.28009e-09 2.91318e-17 5.46958e-10
2.25302e-09 2.87766e-17 5.40924e-10
2.22661e-09 2.843e-17 5.35019e-10
2.20098e-09 2.80916e-17 5.29233e-10
2.17582e-09 2.77611e-17 5.23574e-10
2.15155e-09 2.74384e-17 5.18019e-10
2.12777e-09 2.71231e-17 5.12583e-10
2.10425e-09 2.68149e-17 5.0727e-10
2.08147e-09 2.65137e-17 5.02055e-10
2.059e-09 2.62191e-17 4.96953e-10
2.03713e-09 2.59311e-17 4.91948e-10
2.01584e-09 2.56493e-17 4.87037e-10
1.99475e-09 2.53735e-17 4.82233e-10
1.97432e-09 2.51036e-17 4.77513e-10
1.95423e-09 2.48394e-17 4.72886e-10
1.93462e-09 2.45808e-17 4.68346e-10
1.91543e-09 2.43274e-17 4.63889e-10
1.89663e-09 2.40792e-17 4.59516e-10
1.87811e-09 2.3836e-17 4.55228e-10
1.8601e-09 2.35977e-17 4.51012e-10
