8.83765e-11 7.81041e-21 0
9.22443e-11 8.52398e-21 3.8678e-12
8.79166e-11 7.77676e-21 4.86993e-12
8.52949e-11 7.33141e-21 4.32799e-12
8.52223e-11 7.30782e-21 3.35323e-12
8.43663e-11 7.15882e-21 2.86861e-12
8.46802e-11 7.2066e-21 2.44466e-12
8.50397e-11 7.26402e-21 2.14743e-12
8.42654e-11 7.13415e-21 2.04602e-12
8.41114e-11 7.10509e-21 1.83648e-12
8.34216e-11 6.99152e-21 1.79868e-12
8.34217e-11 6.98883e-21 1.64197e-12
8.26845e-11 6.87062e-21 1.68068e-12
8.21589e-11 6.78516e-21 1.64237e-12
8.15469e-11 6.68786e-21 1.64692e-12
8.08909e-11 6.58539e-21 1.67439e-12
8.12907e-11 6.65031e-21 1.62283e-12
8.15746e-11 6.69557e-21 1.55613e-12
8.20253e-11 6.77081e-21 1.53942e-12
8.12759e-11 6.65697e-21 1.64147e-12
8.15301e-11 6.6972e-21 1.5819e-12
8.25888e-11 6.89223e-21 1.84279e-12
8.27384e-11 6.91436e-21 1.76719e-12
8.23035e-11 6.84406e-21 1.74696e-12
8.25085e-11 6.87604e-21 1.68811e-12
8.25207e-11 6.87544e-21 1.62193e-12
8.26906e-11 6.90182e-21 1.56993e-12
8.30645e-11 6.96528e-21 1.55834e-12
8.27367e-11 6.91167e-21 1.53897e-12
8.28453e-11 6.92778e-21 1.49074e-12
8.24637e-11 6.867e-21 1.49148e-12
8.22053e-11 6.82443e-21 1.46706e-12
8.20223e-11 6.79343e-21 1.43363e-12
8.17363e-11 6.74735e-21 1.41994e-12
8.1619e-11 6.72677e-21 1.38375e-12
8.16229e-11 6.7256e-21 1.34477e-12
8.15005e-11 6.70445e-21 1.31364e-12
8.16181e-11 6.72251e-21 1.284e-12
8.16483e-11 6.72592e-21 1.25101e-12
8.14596e-11 6.69504e-21 1.23385e-12
8.14714e-11 6.69551e-21 1.20343e-12
8.14179e-11 6.68554e-21 1.17565e-12
8.10663e-11 6.63229e-21 1.20061e-12
8.13972e-11 6.68938e-21 1.21877e-12
8.12999e-11 6.67255e-21 1.19535e-12
8.13994e-11 6.6878e-21 1.17329e-12
8.15513e-11 6.7123e-21 1.15806e-12
8.18748e-11 6.76881e-21 1.17894e-12
8.17416e-11 6.74654e-21 1.16228e-12
8.17402e-11 6.74501e-21 1.1388e-12
8.17327e-11 6.74253e-21 1.11627e-12
8.15702e-11 6.71615e-21 1.10659e-12
8.15614e-11 6.71354e-21 1.08554e-12
8.14721e-11 6.69827e-21 1.06899e-12
8.14499e-11 6.69358e-21 1.04961e-12
8.13801e-11 6.68141e-21 1.03306e-12
8.17056e-11 6.7394e-21 1.06569e-12
8.15717e-11 6.71746e-21 1.05568e-12
8.16501e-11 6.72954e-21 1.04058e-12
8.17952e-11 6.75346e-21 1.03334e-12
8.16094e-11 6.72414e-21 1.03309e-12
8.16686e-11 6.73298e-21 1.01802e-12
8.16739e-11 6.73284e-21 1.00174e-12
8.16044e-11 6.72083e-21 9.88407e-13
8.14608e-11 6.69779e-21 9.83624e-13
8.1415e-11 6.68953e-21 9.69687e-13
8.14767e-11 6.69891e-21 9.57093e-13
8.14983e-11 6.70157e-21 9.43159e-13
8.14261e-11 6.6893e-21 9.32188e-13
8.12944e-11 6.66822e-21 9.28169e-13
8.12538e-11 6.66091e-21 9.15901e-13
8.11747e-11 6.64769e-21 9.06546e-13
8.10619e-11 6.6295e-21 9.01136e-13
8.10648e-11 6.62918e-21 8.8888e-13
8.13177e-11 6.67422e-21 9.12697e-13
8.12981e-11 6.67025e-21 9.00821e-13
8.1214e-11 6.65632e-21 8.93019e-13
8.12974e-11 6.66964e-21 8.85435e-13
8.11842e-11 6.65147e-21 8.81461e-13
8.12973e-11 6.67012e-21 8.77702e-13
8.11333e-11 6.64488e-21 8.82175e-13
8.11435e-11 6.64577e-21 8.71409e-13
8.11913e-11 6.65298e-21 8.62174e-13
8.10995e-11 6.63806e-21 8.56782e-13
8.11206e-11 6.6408e-21 8.46905e-13
8.10858e-11 6.63456e-21 8.37722e-13
8.1029e-11 6.62494e-21 8.29984e-13
8.08776e-11 6.60175e-21 8.34344e-13
8.08324e-11 6.59394e-21 8.26156e-13
8.08361e-11 6.59387e-21 8.16933e-13
8.08118e-11 6.58934e-21 8.08272e-13
8.08547e-11 6.59581e-21 8.00589e-13
8.07036e-11 6.57288e-21 8.06211e-13
8.08189e-11 6.59209e-21 8.05875e-13
8.0717e-11 6.57597e-21 8.03836e-13
8.07316e-11 6.57772e-21 7.95554e-13
8.06694e-11 6.56743e-21 7.89765e-13
8.05507e-11 6.54905e-21 7.90627e-13
8.05767e-11 6.5527e-21 7.83033e-13
8.06041e-11 6.55658e-21 7.75646e-13
8.05596e-11 6.54902e-21 7.69215e-13
8.04878e-11 6.53739e-21 7.65017e-13
8.04752e-11 6.53481e-21 7.57657e-13
8.04652e-11 6.53264e-21 7.50404e-13
8.05727e-11 6.55062e-21 7.50967e-13
8.05802e-11 6.55128e-21 7.43886e-13
8.05852e-11 6.55154e-21 7.36918e-13
8.05596e-11 6.54695e-21 7.30512e-13
8.05782e-11 6.54946e-21 7.24018e-13
8.04898e-11 6.53556e-21 7.22831e-13
8.04524e-11 6.52918e-21 7.17265e-13
8.04087e-11 6.52185e-21 7.12178e-13
8.03144e-11 6.5072e-21 7.12111e-13
8.03063e-11 6.5054e-21 7.05884e-13
8.03257e-11 6.50807e-21 6.99988e-13
8.02681e-11 6.49873e-21 6.96312e-13
8.03298e-11 6.5086e-21 6.93088e-13
8.03167e-11 6.50604e-21 6.87315e-13
8.03712e-11 6.51469e-21 6.83695e-13
8.03937e-11 6.51791e-21 6.78347e-13
8.03825e-11 6.51566e-21 6.72812e-13
8.04244e-11 6.52217e-21 6.68591e-13
8.04008e-11 6.51801e-21 6.63553e-13
8.03113e-11 6.50418e-21 6.64233e-13
8.04665e-11 6.53167e-21 6.76914e-13
8.03666e-11 6.5164e-21 6.78907e-13
8.03994e-11 6.52136e-21 6.74339e-13
8.0356e-11 6.51418e-21 6.70455e-13
8.03058e-11 6.506e-21 6.67127e-13
8.03223e-11 6.50824e-21 6.6218e-13
8.02648e-11 6.499e-21 6.59619e-13
8.01957e-11 6.48811e-21 6.58238e-13
8.02294e-11 6.49324e-21 6.54141e-13
8.01996e-11 6.48815e-21 6.49927e-13
8.02079e-11 6.48909e-21 6.45149e-13
8.0189e-11 6.48568e-21 6.40669e-13
8.0215e-11 6.48955e-21 6.36509e-13
8.01613e-11 6.48093e-21 6.34155e-13
8.01761e-11 6.48293e-21 6.2975e-13
8.01319e-11 6.47573e-21 6.26794e-13
8.00927e-11 6.46927e-21 6.23569e-13
8.00311e-11 6.45956e-21 6.22216e-13
8.00304e-11 6.45908e-21 6.1785e-13
7.99643e-11 6.44874e-21 6.17103e-13
7.99901e-11 6.45259e-21 6.13378e-13
7.99245e-11 6.44236e-21 6.1268e-13
7.9886e-11 6.43605e-21 6.09715e-13
7.98466e-11 6.42962e-21 6.06864e-13
7.99136e-11 6.44062e-21 6.0649e-13
7.98825e-11 6.43544e-21 6.03236e-13
7.98395e-11 6.42849e-21 6.00767e-13
7.98665e-11 6.43255e-21 5.97409e-13
7.98435e-11 6.42861e-21 5.93935e-13
7.98773e-11 6.43383e-21 5.91032e-13
7.98661e-11 6.43171e-21 5.87314e-13
7.98642e-11 6.43108e-21 5.8354e-13
7.98516e-11 6.42874e-21 5.7995e-13
7.98061e-11 6.42148e-21 5.78055e-13
7.97979e-11 6.41984e-21 5.74467e-13
7.98328e-11 6.42529e-21 5.71934e-13
7.98351e-11 6.42534e-21 5.68375e-13
7.98743e-11 6.43153e-21 5.66215e-13
7.98805e-11 6.43221e-21 5.62764e-13
7.98846e-11 6.43255e-21 5.59337e-13
7.98314e-11 6.42421e-21 5.58479e-13
7.97862e-11 6.41702e-21 5.56941e-13
7.97706e-11 6.41427e-21 5.53815e-13
7.97445e-11 6.40991e-21 5.5113e-13
7.96883e-11 6.40118e-21 5.50734e-13
7.9671e-11 6.39817e-21 5.47757e-13
7.96942e-11 6.40166e-21 5.45037e-13
7.97006e-11 6.40241e-21 5.41897e-13
7.9669e-11 6.39724e-21 5.39687e-13
7.96273e-11 6.39062e-21 5.3819e-13
7.96258e-11 6.39009e-21 5.35108e-13
7.96283e-11 6.39021e-21 5.32065e-13
7.96085e-11 6.38684e-21 5.29423e-13
7.95938e-11 6.38427e-21 5.26645e-13
7.96417e-11 6.39203e-21 5.25883e-13
7.95895e-11 6.38392e-21 5.25558e-13
7.95627e-11 6.37953e-21 5.23329e-13
7.95874e-11 6.3833e-21 5.21032e-13
7.95664e-11 6.37976e-21 5.18604e-13
7.95371e-11 6.37499e-21 5.16607e-13
7.95615e-11 6.37872e-21 5.14386e-13
7.95573e-11 6.37779e-21 5.1163e-13
7.95054e-11 6.36978e-21 5.11528e-13
7.94732e-11 6.36459e-21 5.09819e-13
7.9514e-11 6.37113e-21 5.08752e-13
7.95655e-11 6.37957e-21 5.08683e-13
7.95392e-11 6.37527e-21 5.06694e-13
7.95253e-11 6.37283e-21 5.04241e-13
7.95146e-11 6.37091e-21 5.01735e-13
7.95222e-11 6.37188e-21 4.992e-13
7.95324e-11 6.37328e-21 4.96739e-13
7.95723e-11 6.37968e-21 4.958e-13
7.95781e-11 6.38037e-21 4.93311e-13
7.96318e-11 6.38924e-21 4.93738e-13
7.95898e-11 6.38267e-21 4.93039e-13
7.95573e-11 6.37747e-21 4.9164e-13
7.95606e-11 6.37775e-21 4.89199e-13
7.95784e-11 6.38041e-21 4.87095e-13
7.95866e-11 6.3815e-21 4.8476e-13
7.95772e-11 6.37979e-21 4.8247e-13
7.96042e-11 6.38401e-21 4.80871e-13
7.9598e-11 6.3828e-21 4.78572e-13
7.95657e-11 6.37764e-21 4.77348e-13
7.95651e-11 6.37732e-21 4.75048e-13
7.95547e-11 6.37547e-21 4.72883e-13
7.9502e-11 6.36744e-21 4.73568e-13
7.95094e-11 6.3684e-21 4.71376e-13
7.95069e-11 6.3678e-21 4.69154e-13
7.95155e-11 6.36895e-21 4.67024e-13
7.95571e-11 6.37572e-21 4.66693e-13
7.96038e-11 6.38342e-21 4.66866e-13
7.95555e-11 6.37601e-21 4.67206e-13
7.95054e-11 6.36837e-21 4.67737e-13
7.95824e-11 6.38168e-21 4.719e-13
7.95806e-11 6.38118e-21 4.69743e-13
7.95366e-11 6.37438e-21 4.69671e-13
7.95332e-11 6.37362e-21 4.67554e-13
7.9526e-11 6.37227e-21 4.65499e-13
7.95207e-11 6.37121e-21 4.63437e-13
7.94656e-11 6.36292e-21 4.64642e-13
7.94391e-11 6.35866e-21 4.63327e-13
7.94794e-11 6.36522e-21 4.63028e-13
7.94497e-11 6.36048e-21 4.6194e-13
7.94207e-11 6.35585e-21 4.60826e-13
7.94178e-11 6.35518e-21 4.58819e-13
7.9375e-11 6.3486e-21 4.5882e-13
7.93976e-11 6.3521e-21 4.57389e-13
7.94017e-11 6.35254e-21 4.55432e-13
7.94223e-11 6.35572e-21 4.53944e-13
7.94552e-11 6.36098e-21 4.53189e-13
7.94296e-11 6.35686e-21 4.5198e-13
7.94218e-11 6.35543e-21 4.50129e-13
7.94827e-11 6.3658e-21 4.52353e-13
7.95385e-11 6.37519e-21 4.53881e-13
7.95611e-11 6.37871e-21 4.52546e-13
7.95793e-11 6.38148e-21 4.51021e-13
7.95882e-11 6.38272e-21 4.49236e-13
7.95411e-11 6.37556e-21 4.49849e-13
7.9513e-11 6.37108e-21 4.48875e-13
7.9531e-11 6.37382e-21 4.47391e-13
7.95273e-11 6.37303e-21 4.45577e-13
7.95094e-11 6.37007e-21 4.44123e-13
7.95212e-11 6.37178e-21 4.42478e-13
7.95364e-11 6.37407e-21 4.40955e-13
7.95609e-11 6.37792e-21 4.39861e-13
7.95259e-11 6.37246e-21 4.39496e-13
7.95409e-11 6.37471e-21 4.38e-13
7.96161e-11 6.38792e-21 4.42702e-13
7.96273e-11 6.38954e-21 4.4109e-13
7.96067e-11 6.38617e-21 4.39834e-13
7.96237e-11 6.38875e-21 4.38434e-13
7.95977e-11 6.3846e-21 4.37489e-13
7.95792e-11 6.38156e-21 4.36174e-13
7.95592e-11 6.37828e-21 4.34943e-13
7.95402e-11 6.37517e-21 4.33677e-13
7.95115e-11 6.37063e-21 4.32957e-13
7.95029e-11 6.36909e-21 4.31381e-13
7.94714e-11 6.36416e-21 4.30885e-13
7.94899e-11 6.367e-21 4.29642e-13
7.94926e-11 6.36725e-21 4.2802e-13
7.94681e-11 6.36333e-21 4.27106e-13
7.94688e-11 6.36327e-21 4.25498e-13
7.94695e-11 6.3632e-21 4.23902e-13
7.95014e-11 6.36836e-21 4.23519e-13
7.9489e-11 6.36626e-21 4.22122e-13
7.95195e-11 6.37117e-21 4.21658e-13
7.9481e-11 6.36527e-21 4.21861e-13
7.94985e-11 6.36797e-21 4.20673e-13
7.95056e-11 6.36893e-21 4.19189e-13
7.94701e-11 6.36346e-21 4.1916e-13
7.9508e-11 6.36971e-21 4.19351e-13
7.95289e-11 6.37298e-21 4.18353e-13
7.95478e-11 6.37591e-21 4.17268e-13
7.95335e-11 6.37352e-21 4.1601e-13
7.9572e-11 6.37989e-21 4.16299e-13
7.9594e-11 6.38334e-21 4.15389e-13
7.96514e-11 6.39323e-21 4.1787e-13
7.96516e-11 6.39309e-21 4.16386e-13
7.96637e-11 6.3949e-21 4.1509e-13
7.96401e-11 6.39113e-21 4.14298e-13
7.96378e-11 6.39059e-21 4.12848e-13
7.961e-11 6.38621e-21 4.12346e-13
7.96233e-11 6.38821e-21 4.11122e-13
7.96465e-11 6.39189e-21 4.10348e-13
7.96514e-11 6.39252e-21 4.08955e-13
7.96562e-11 6.39311e-21 4.07571e-13
7.96503e-11 6.39202e-21 4.06211e-13
7.96587e-11 6.39321e-21 4.04905e-13
7.96676e-11 6.39449e-21 4.03618e-13
7.96728e-11 6.39517e-21 4.02277e-13
7.96713e-11 6.39478e-21 4.00914e-13
7.96722e-11 6.39476e-21 3.99558e-13
7.96707e-11 6.39436e-21 3.98214e-13
7.96353e-11 6.38894e-21 3.98448e-13
7.96111e-11 6.3851e-21 3.97851e-13
7.9638e-11 6.38943e-21 3.97431e-13
7.96592e-11 6.39279e-21 3.96675e-13
7.96961e-11 6.39893e-21 3.97084e-13
7.96671e-11 6.39441e-21 3.96831e-13
7.96572e-11 6.3927e-21 3.95648e-13
7.96249e-11 6.38772e-21 3.9567e-13
7.96311e-11 6.38856e-21 3.94423e-13
7.96227e-11 6.38709e-21 3.93226e-13
7.95946e-11 6.38271e-21 3.92952e-13
7.9614e-11 6.38575e-21 3.92158e-13
7.96438e-11 6.39062e-21 3.92024e-13
7.96372e-11 6.38944e-21 3.90816e-13
7.96374e-11 6.38932e-21 3.89562e-13
7.96406e-11 6.38968e-21 3.88328e-13
7.96728e-11 6.39498e-21 3.88427e-13
7.97215e-11 6.40333e-21 3.90237e-13
7.97719e-11 6.41202e-21 3.92254e-13
7.97448e-11 6.40778e-21 3.91953e-13
7.97699e-11 6.41183e-21 3.91523e-13
7.97427e-11 6.40757e-21 3.91241e-13
7.97769e-11 6.41325e-21 3.91514e-13
7.97956e-11 6.41619e-21 3.90738e-13
7.97998e-11 6.41671e-21 3.89546e-13
7.98135e-11 6.41881e-21 3.8858e-13
7.98079e-11 6.41778e-21 3.87419e-13
7.98158e-11 6.41891e-21 3.86307e-13
7.98364e-11 6.4222e-21 3.85672e-13
7.98633e-11 6.42658e-21 3.85429e-13
7.99048e-11 6.43363e-21 3.86488e-13
7.98645e-11 6.42757e-21 3.87413e-13
7.98621e-11 6.42703e-21 3.86245e-13
7.98861e-11 6.43091e-21 3.85826e-13
7.99023e-11 6.43343e-21 3.85002e-13
7.98541e-11 6.42637e-21 3.86848e-13
7.98221e-11 6.42145e-21 3.87016e-13
7.9835e-11 6.42341e-21 3.86075e-13
7.98449e-11 6.42488e-21 3.85051e-13
7.98449e-11 6.42473e-21 3.83907e-13
7.98538e-11 6.42603e-21 3.82872e-13
7.98745e-11 6.42934e-21 3.82303e-13
7.9864e-11 6.42756e-21 3.81321e-13
7.98624e-11 6.42715e-21 3.80205e-13
7.98223e-11 6.42116e-21 3.81199e-13
7.98318e-11 6.42255e-21 3.80203e-13
7.98274e-11 6.42171e-21 3.79122e-13
7.98224e-11 6.42077e-21 3.78054e-13
7.98041e-11 6.41784e-21 3.77399e-13
7.98583e-11 6.42735e-21 3.80183e-13
7.98565e-11 6.42693e-21 3.79093e-13
7.98931e-11 6.43311e-21 3.79778e-13
7.99241e-11 6.43824e-21 3.79955e-13
7.99026e-11 6.43483e-21 3.79479e-13
7.99072e-11 6.43543e-21 3.78427e-13
7.99334e-11 6.4397e-21 3.78256e-13
7.99297e-11 6.43899e-21 3.77204e-13
7.99323e-11 6.43926e-21 3.76148e-13
7.99467e-11 6.44149e-21 3.75366e-13
7.99273e-11 6.43838e-21 3.74816e-13
7.99338e-11 6.43929e-21 3.73824e-13
7.99523e-11 6.44224e-21 3.73242e-13
7.99596e-11 6.4433e-21 3.72276e-13
7.99939e-11 6.44906e-21 3.72819e-13
7.99824e-11 6.44713e-21 3.71966e-13
7.99589e-11 6.44343e-21 3.71683e-13
7.99555e-11 6.44276e-21 3.70675e-13
7.99659e-11 6.44432e-21 3.69805e-13
7.99666e-11 6.4443e-21 3.68794e-13
7.99431e-11 6.4406e-21 3.68541e-13
7.99568e-11 6.44274e-21 3.67796e-13
7.99497e-11 6.44149e-21 3.66867e-13
7.99499e-11 6.44138e-21 3.65874e-13
7.99361e-11 6.43911e-21 3.65148e-13
7.99284e-11 6.43777e-21 3.64246e-13
7.9934e-11 6.43855e-21 3.63311e-13
7.99332e-11 6.43828e-21 3.6234e-13
7.99255e-11 6.43695e-21 3.61454e-13
7.99383e-11 6.43893e-21 3.60719e-13
7.99553e-11 6.44162e-21 3.6016e-13
7.99432e-11 6.43961e-21 3.59409e-13
7.99119e-11 6.43486e-21 3.59818e-13
7.98801e-11 6.43003e-21 3.60279e-13
7.98659e-11 6.42771e-21 3.59611e-13
7.98771e-11 6.42942e-21 3.58844e-13
7.98543e-11 6.42585e-21 3.58631e-13
7.98407e-11 6.42361e-21 3.57956e-13
7.98546e-11 6.42578e-21 3.57296e-13
7.98455e-11 6.42422e-21 3.56486e-13
7.98801e-11 6.43009e-21 3.57247e-13
7.98902e-11 6.43161e-21 3.56467e-13
7.99032e-11 6.43363e-21 3.55788e-13
7.99009e-11 6.43315e-21 3.54882e-13
7.98701e-11 6.42847e-21 3.55315e-13
7.98608e-11 6.42689e-21 3.54529e-13
7.98521e-11 6.42541e-21 3.53732e-13
7.98395e-11 6.42333e-21 3.53058e-13
7.98185e-11 6.42003e-21 3.5279e-13
7.98167e-11 6.41962e-21 3.51903e-13
7.98114e-11 6.41867e-21 3.51055e-13
7.97907e-11 6.4154e-21 3.50787e-13
7.97784e-11 6.41338e-21 3.50123e-13
7.97989e-11 6.41669e-21 3.49847e-13
7.97946e-11 6.4159e-21 3.49e-13
7.9807e-11 6.41782e-21 3.48351e-13
7.97957e-11 6.41594e-21 3.4767e-13
7.97781e-11 6.41314e-21 3.47253e-13
7.97994e-11 6.41661e-21 3.47051e-13
7.98133e-11 6.41877e-21 3.46471e-13
7.98175e-11 6.41934e-21 3.45644e-13
7.98208e-11 6.41974e-21 3.44811e-13
7.98151e-11 6.41874e-21 3.44013e-13
7.98229e-11 6.41988e-21 3.4326e-13
7.98359e-11 6.42192e-21 3.42672e-13
7.98327e-11 6.42129e-21 3.41854e-13
7.98171e-11 6.41878e-21 3.41384e-13
7.98166e-11 6.41859e-21 3.40558e-13
7.98453e-11 6.4234e-21 3.40949e-13
7.98275e-11 6.42058e-21 3.40593e-13
7.98035e-11 6.41687e-21 3.40621e-13
7.9812e-11 6.41814e-21 3.39911e-13
7.98114e-11 6.41793e-21 3.39099e-13
7.98071e-11 6.41713e-21 3.38319e-13
7.98246e-11 6.41995e-21 3.37972e-13
7.98226e-11 6.41951e-21 3.37176e-13
7.98282e-11 6.4203e-21 3.36424e-13
7.98227e-11 6.41933e-21 3.35674e-13
7.98225e-11 6.41918e-21 3.34884e-13
7.9855e-11 6.4247e-21 3.35669e-13
7.982e-11 6.41953e-21 3.36702e-13
7.98113e-11 6.41805e-21 3.36028e-13
7.97888e-11 6.41457e-21 3.35996e-13
7.97794e-11 6.413e-21 3.35345e-13
7.97742e-11 6.41207e-21 3.34607e-13
7.97852e-11 6.41376e-21 3.34011e-13
7.97931e-11 6.41494e-21 3.33333e-13
7.97918e-11 6.41462e-21 3.32566e-13
7.98092e-11 6.41741e-21 3.32256e-13
7.98083e-11 6.41717e-21 3.31494e-13
7.98037e-11 6.41633e-21 3.30767e-13
7.979e-11 6.41412e-21 3.30295e-13
7.97662e-11 6.41046e-21 3.30399e-13
7.97591e-11 6.40925e-21 3.29724e-13
7.97437e-11 6.40678e-21 3.29338e-13
7.97398e-11 6.40605e-21 3.28615e-13
7.97348e-11 6.40517e-21 3.2791e-13
7.9726e-11 6.40369e-21 3.2729e-13
7.97129e-11 6.40156e-21 3.26817e-13
7.97398e-11 6.40608e-21 3.27197e-13
7.97413e-11 6.40621e-21 3.26467e-13
7.97213e-11 6.40309e-21 3.26352e-13
7.97152e-11 6.40204e-21 3.25681e-13
7.97344e-11 6.40514e-21 3.25517e-13
7.97308e-11 6.40447e-21 3.24815e-13
7.97142e-11 6.40184e-21 3.2452e-13
7.97026e-11 6.39995e-21 3.2401e-13
7.97156e-11 6.402e-21 3.23557e-13
7.97053e-11 6.4003e-21 3.2301e-13
7.97019e-11 6.39967e-21 3.22318e-13
7.96808e-11 6.3964e-21 3.22306e-13
7.97075e-11 6.40087e-21 3.22704e-13
7.97034e-11 6.40013e-21 3.22026e-13
7.9703e-11 6.39996e-21 3.21325e-13
7.97163e-11 6.40206e-21 3.20904e-13
7.97084e-11 6.40072e-21 3.20307e-13
7.9734e-11 6.40501e-21 3.20641e-13
7.97145e-11 6.40197e-21 3.20545e-13
7.97057e-11 6.40051e-21 3.19974e-13
7.96872e-11 6.39762e-21 3.19824e-13
7.96945e-11 6.39869e-21 3.1922e-13
7.96985e-11 6.39924e-21 3.18563e-13
7.97063e-11 6.40042e-21 3.17979e-13
7.96898e-11 6.39781e-21 3.17733e-13
7.96962e-11 6.39875e-21 3.17123e-13
7.96807e-11 6.39629e-21 3.16831e-13
7.96834e-11 6.39662e-21 3.16171e-13
7.9678e-11 6.39569e-21 3.15548e-13
7.96814e-11 6.39613e-21 3.14901e-13
7.96841e-11 6.39647e-21 3.14251e-13
7.96817e-11 6.39598e-21 3.13601e-13
7.96764e-11 6.39505e-21 3.12989e-13
7.96741e-11 6.39459e-21 3.12344e-13
7.96904e-11 6.39723e-21 3.12121e-13
7.97031e-11 6.39923e-21 3.11729e-13
7.96929e-11 6.39756e-21 3.11249e-13
7.96849e-11 6.39621e-21 3.10708e-13
7.96841e-11 6.39599e-21 3.10066e-13
7.96803e-11 6.3953e-21 3.09449e-13
7.96612e-11 6.39234e-21 3.094e-13
7.96784e-11 6.39512e-21 3.0924e-13
7.96709e-11 6.39386e-21 3.08696e-13
7.9678e-11 6.39492e-21 3.08145e-13
7.96998e-11 6.39854e-21 3.0829e-13
7.96945e-11 6.39761e-21 3.07707e-13
7.9687e-11 6.39635e-21 3.07173e-13
7.96778e-11 6.39482e-21 3.06689e-13
7.96843e-11 6.39579e-21 3.06137e-13
7.96716e-11 6.39375e-21 3.05782e-13
7.96648e-11 6.39261e-21 3.05239e-13
7.96564e-11 6.3912e-21 3.04742e-13
7.96676e-11 6.39296e-21 3.04336e-13
7.9676e-11 6.39424e-21 3.03841e-13
7.96751e-11 6.39401e-21 3.03234e-13
7.9679e-11 6.39454e-21 3.02652e-13
7.96709e-11 6.39319e-21 3.02157e-13
7.96649e-11 6.39216e-21 3.01615e-13
7.96688e-11 6.3927e-21 3.01042e-13
7.96682e-11 6.39252e-21 3.00445e-13
7.96602e-11 6.39119e-21 2.99958e-13
7.96559e-11 6.39042e-21 2.99397e-13
7.9657e-11 6.39051e-21 2.98809e-13
7.96613e-11 6.39112e-21 2.98253e-13
7.96727e-11 6.3929e-21 2.97882e-13
7.96417e-11 6.38837e-21 2.98903e-13
7.96452e-11 6.38884e-21 2.98338e-13
7.96324e-11 6.38679e-21 2.98031e-13
7.96183e-11 6.38457e-21 2.97784e-13
7.96337e-11 6.38706e-21 2.97605e-13
7.96338e-11 6.38698e-21 2.97027e-13
7.96435e-11 6.38848e-21 2.96609e-13
7.9685e-11 6.3959e-21 2.98937e-13
7.97052e-11 6.39925e-21 2.99046e-13
7.96863e-11 6.39632e-21 2.99074e-13
7.96903e-11 6.39688e-21 2.98526e-13
7.96995e-11 6.39832e-21 2.98098e-13
7.97111e-11 6.40013e-21 2.97751e-13
7.9698e-11 6.39805e-21 2.97469e-13
7.96968e-11 6.39778e-21 2.96904e-13
7.96847e-11 6.39584e-21 2.96586e-13
7.96769e-11 6.39454e-21 2.96126e-13
7.9671e-11 6.39353e-21 2.95623e-13
7.96725e-11 6.39368e-21 2.95068e-13
7.96766e-11 6.39426e-21 2.94539e-13
7.96612e-11 6.39184e-21 2.94389e-13
7.96571e-11 6.39111e-21 2.93864e-13
7.96486e-11 6.38971e-21 2.93434e-13
7.96647e-11 6.39232e-21 2.93326e-13
7.96678e-11 6.39274e-21 2.92794e-13
7.96574e-11 6.39106e-21 2.92432e-13
7.9653e-11 6.39028e-21 2.91921e-13
7.965e-11 6.38971e-21 2.91394e-13
7.96436e-11 6.38863e-21 2.90923e-13
7.96444e-11 6.38868e-21 2.90385e-13
7.96571e-11 6.3907e-21 2.90123e-13
7.9646e-11 6.38892e-21 2.89799e-13
7.96331e-11 6.38687e-21 2.89553e-13
7.96166e-11 6.38431e-21 2.89488e-13
7.96153e-11 6.38401e-21 2.8896e-13
7.96249e-11 6.38551e-21 2.8859e-13
7.96346e-11 6.38703e-21 2.88226e-13
7.96259e-11 6.38559e-21 2.87832e-13
7.96306e-11 6.38627e-21 2.87345e-13
7.96061e-11 6.38262e-21 2.87865e-13
7.96046e-11 6.38231e-21 2.87346e-13
7.9654e-11 6.39144e-21 2.9105e-13
7.96475e-11 6.39034e-21 2.90596e-13
7.9654e-11 6.39132e-21 2.90146e-13
7.966e-11 6.39221e-21 2.89684e-13
7.96388e-11 6.38899e-21 2.89941e-13
7.96281e-11 6.38728e-21 2.89615e-13
7.96548e-11 6.39183e-21 2.90319e-13
7.9671e-11 6.39449e-21 2.90255e-13
7.96809e-11 6.39602e-21 2.89903e-13
7.96923e-11 6.39783e-21 2.8961e-13
7.96874e-11 6.39698e-21 2.89135e-13
7.96793e-11 6.39564e-21 2.88735e-13
7.9671e-11 6.39428e-21 2.88342e-13
7.96708e-11 6.39417e-21 2.87831e-13
7.96813e-11 6.39582e-21 2.87515e-13
7.96801e-11 6.39554e-21 2.8701e-13
7.96814e-11 6.39566e-21 2.86507e-13
7.968e-11 6.39536e-21 2.86007e-13
7.96687e-11 6.39355e-21 2.85727e-13
7.96593e-11 6.39203e-21 2.85381e-13
7.96855e-11 6.39652e-21 2.86087e-13
7.97114e-11 6.40095e-21 2.8676e-13
7.96884e-11 6.39749e-21 2.87189e-13
7.97168e-11 6.4024e-21 2.88092e-13
7.97001e-11 6.39982e-21 2.88076e-13
7.96981e-11 6.39942e-21 2.87583e-13
7.96954e-11 6.39892e-21 2.87097e-13
7.96947e-11 6.39873e-21 2.86602e-13
7.97029e-11 6.39998e-21 2.86223e-13
7.96928e-11 6.39836e-21 2.85906e-13
7.97201e-11 6.40305e-21 2.86711e-13
7.97161e-11 6.40235e-21 2.86246e-13
7.97176e-11 6.40249e-21 2.85759e-13
7.97312e-11 6.4047e-21 2.85596e-13
7.97456e-11 6.40703e-21 2.85471e-13
7.97325e-11 6.40496e-21 2.85286e-13
7.97347e-11 6.40523e-21 2.84808e-13
7.97409e-11 6.40617e-21 2.84394e-13
7.97564e-11 6.40871e-21 2.84334e-13
7.97703e-11 6.41096e-21 2.84193e-13
7.9783e-11 6.41299e-21 2.83995e-13
7.97768e-11 6.41195e-21 2.83582e-13
7.9789e-11 6.41391e-21 2.83366e-13
7.97903e-11 6.41403e-21 2.82893e-13
7.97882e-11 6.41361e-21 2.82426e-13
7.97897e-11 6.41378e-21 2.81957e-13
7.97915e-11 6.41399e-21 2.81491e-13
7.98427e-11 6.42364e-21 2.85638e-13
7.98261e-11 6.42108e-21 2.85644e-13
7.98326e-11 6.42207e-21 2.85243e-13
7.9826e-11 6.42095e-21 2.84846e-13
7.98312e-11 6.42172e-21 2.84421e-13
7.9836e-11 6.42241e-21 2.83989e-13
7.98322e-11 6.42173e-21 2.83545e-13
7.98141e-11 6.41897e-21 2.83651e-13
7.98165e-11 6.41927e-21 2.83193e-13
7.98029e-11 6.41713e-21 2.83054e-13
7.97901e-11 6.41511e-21 2.82878e-13
7.97959e-11 6.41598e-21 2.82474e-13
7.98026e-11 6.417e-21 2.82091e-13
7.9802e-11 6.41683e-21 2.81631e-13
7.98074e-11 6.41763e-21 2.81223e-13
7.97896e-11 6.4149e-21 2.81331e-13
7.98002e-11 6.41658e-21 2.81074e-13
7.98153e-11 6.41904e-21 2.81021e-13
7.98337e-11 6.42212e-21 2.8117e-13
7.98362e-11 6.42244e-21 2.80726e-13
7.98346e-11 6.42212e-21 2.80277e-13
7.98448e-11 6.42372e-21 2.80008e-13
7.98561e-11 6.42553e-21 2.79786e-13
7.98558e-11 6.42541e-21 2.79336e-13
7.9838e-11 6.42269e-21 2.79454e-13
7.98319e-11 6.42166e-21 2.79073e-13
7.98297e-11 6.42122e-21 2.78635e-13
7.98208e-11 6.41978e-21 2.78331e-13
7.98314e-11 6.42146e-21 2.78087e-13
7.9838e-11 6.42247e-21 2.77723e-13
7.98476e-11 6.42398e-21 2.77447e-13
7.98575e-11 6.42555e-21 2.77185e-13
7.98532e-11 6.42479e-21 2.76779e-13
7.98606e-11 6.42594e-21 2.76441e-13
7.98481e-11 6.42396e-21 2.7629e-13
7.98705e-11 6.42779e-21 2.76767e-13
7.98558e-11 6.4255e-21 2.7672e-13
7.98546e-11 6.42523e-21 2.76287e-13
7.98409e-11 6.42308e-21 2.76195e-13
7.98454e-11 6.42375e-21 2.758e-13
7.98387e-11 6.42262e-21 2.75451e-13
7.98319e-11 6.4215e-21 2.75103e-13
7.98343e-11 6.4218e-21 2.74684e-13
7.98341e-11 6.4217e-21 2.74255e-13
7.98314e-11 6.4212e-21 2.73841e-13
7.98375e-11 6.42212e-21 2.73483e-13
7.98422e-11 6.4228e-21 2.73098e-13
7.98541e-11 6.42473e-21 2.72939e-13
7.98417e-11 6.42278e-21 2.728e-13
7.98248e-11 6.42019e-21 2.72904e-13
7.98181e-11 6.41907e-21 2.72566e-13
7.98118e-11 6.41801e-21 2.72219e-13
7.98213e-11 6.41952e-21 2.71967e-13
7.98219e-11 6.41954e-21 2.7155e-13
7.98385e-11 6.4223e-21 2.71643e-13
7.98192e-11 6.41939e-21 2.71913e-13
7.98151e-11 6.41867e-21 2.71529e-13
7.97985e-11 6.41613e-21 2.7162e-13
7.97936e-11 6.41528e-21 2.71252e-13
7.97959e-11 6.41559e-21 2.70849e-13
7.97855e-11 6.41392e-21 2.7064e-13
7.97723e-11 6.41186e-21 2.70552e-13
7.97806e-11 6.41315e-21 2.7027e-13
7.97713e-11 6.41166e-21 2.70019e-13
7.97676e-11 6.411e-21 2.69637e-13
7.97639e-11 6.41034e-21 2.69257e-13
7.97606e-11 6.40976e-21 2.68872e-13
7.97498e-11 6.40804e-21 2.68685e-13
7.97495e-11 6.40792e-21 2.68282e-13
7.97462e-11 6.40732e-21 2.67901e-13
7.97458e-11 6.4072e-21 2.67501e-13
7.97457e-11 6.40711e-21 2.67101e-13
7.97681e-11 6.41095e-21 2.67642e-13
7.97598e-11 6.40959e-21 2.67374e-13
7.97623e-11 6.40992e-21 2.66988e-13
7.97582e-11 6.40922e-21 2.66622e-13
7.97595e-11 6.40935e-21 2.6623e-13
7.97575e-11 6.40897e-21 2.65843e-13
7.9768e-11 6.41063e-21 2.65654e-13
7.97635e-11 6.40987e-21 2.65299e-13
7.97778e-11 6.41222e-21 2.65296e-13
7.97645e-11 6.41014e-21 2.65243e-13
7.97467e-11 6.40744e-21 2.65451e-13
7.97445e-11 6.40704e-21 2.6507e-13
7.97455e-11 6.40713e-21 2.64684e-13
7.97435e-11 6.40674e-21 2.64304e-13
7.97547e-11 6.40854e-21 2.64153e-13
7.9742e-11 6.40655e-21 2.64073e-13
7.97388e-11 6.40598e-21 2.63708e-13
7.97451e-11 6.40695e-21 2.634e-13
7.97453e-11 6.40691e-21 2.63018e-13
7.97299e-11 6.40454e-21 2.63089e-13
7.97258e-11 6.40384e-21 2.62739e-13
7.97378e-11 6.40578e-21 2.62632e-13
7.97417e-11 6.40634e-21 2.62282e-13
7.97478e-11 6.40727e-21 2.61974e-13
7.9757e-11 6.40874e-21 2.6176e-13
7.97507e-11 6.40769e-21 2.6146e-13
7.97361e-11 6.40544e-21 2.61492e-13
7.97234e-11 6.40346e-21 2.61427e-13
7.97204e-11 6.40292e-21 2.6107e-13
7.97257e-11 6.40371e-21 2.6075e-13
7.97291e-11 6.4042e-21 2.604e-13
7.97255e-11 6.40356e-21 2.60055e-13
7.97259e-11 6.40356e-21 2.59685e-13
7.97156e-11 6.40192e-21 2.59522e-13
7.97103e-11 6.40104e-21 2.59207e-13
7.97166e-11 6.402e-21 2.58915e-13
7.97153e-11 6.40173e-21 2.58552e-13
7.97247e-11 6.40321e-21 2.58356e-13
7.97221e-11 6.40273e-21 2.58005e-13
7.97139e-11 6.40141e-21 2.57771e-13
7.97094e-11 6.40065e-21 2.57446e-13
7.97013e-11 6.39933e-21 2.57214e-13
7.97009e-11 6.39921e-21 2.56853e-13
7.96974e-11 6.39859e-21 2.56518e-13
7.96903e-11 6.39743e-21 2.56257e-13
7.96899e-11 6.3973e-21 2.55899e-13
7.96805e-11 6.3958e-21 2.55714e-13
7.96689e-11 6.39398e-21 2.55622e-13
7.96699e-11 6.39407e-21 2.55268e-13
7.96603e-11 6.39255e-21 2.55093e-13
7.96478e-11 6.3906e-21 2.55046e-13
7.96467e-11 6.39038e-21 2.54695e-13
7.9675e-11 6.39539e-21 2.55907e-13
7.96672e-11 6.39413e-21 2.55671e-13
7.96627e-11 6.39336e-21 2.55358e-13
7.96701e-11 6.39451e-21 2.55112e-13
7.9669e-11 6.39426e-21 2.54763e-13
7.96598e-11 6.3928e-21 2.54577e-13
7.96565e-11 6.39221e-21 2.5425e-13
7.96594e-11 6.39262e-21 2.53918e-13
7.9659e-11 6.3925e-21 2.53571e-13
7.96678e-11 6.39388e-21 2.53375e-13
7.96625e-11 6.393e-21 2.53085e-13
7.96636e-11 6.39311e-21 2.52742e-13
7.96528e-11 6.39141e-21 2.52629e-13
7.96392e-11 6.38932e-21 2.5265e-13
7.96396e-11 6.38931e-21 2.52308e-13
7.96213e-11 6.38658e-21 2.52628e-13
7.96177e-11 6.38596e-21 2.52311e-13
7.96159e-11 6.38561e-21 2.51977e-13
7.96194e-11 6.38611e-21 2.51661e-13
7.96166e-11 6.38561e-21 2.51337e-13
7.96232e-11 6.38664e-21 2.51088e-13
7.96249e-11 6.38685e-21 2.50756e-13
7.96298e-11 6.38758e-21 2.50466e-13
7.96185e-11 6.38582e-21 2.50384e-13
7.96074e-11 6.38407e-21 2.50297e-13
7.96109e-11 6.38457e-21 2.49986e-13
7.95943e-11 6.38208e-21 2.50202e-13
7.95887e-11 6.38114e-21 2.49932e-13
7.95715e-11 6.37857e-21 2.5019e-13
7.9559e-11 6.37664e-21 2.50168e-13
7.95686e-11 6.37817e-21 2.5002e-13
7.95619e-11 6.37708e-21 2.49778e-13
7.9559e-11 6.37656e-21 2.49464e-13
7.95749e-11 6.37921e-21 2.49637e-13
7.95695e-11 6.37832e-21 2.49364e-13
7.95608e-11 6.37692e-21 2.49189e-13
7.95381e-11 6.37364e-21 2.49893e-13
7.95307e-11 6.37245e-21 2.49673e-13
7.9544e-11 6.37464e-21 2.49701e-13
7.95432e-11 6.37444e-21 2.49374e-13
7.95407e-11 6.374e-21 2.49059e-13
7.95282e-11 6.37205e-21 2.49051e-13
7.95461e-11 6.37509e-21 2.49369e-13
7.95336e-11 6.37315e-21 2.49357e-13
7.95333e-11 6.37305e-21 2.49032e-13
7.9528e-11 6.37216e-21 2.48765e-13
7.95249e-11 6.37162e-21 2.4846e-13
7.95199e-11 6.37078e-21 2.48188e-13
7.95293e-11 6.37229e-21 2.48047e-13
7.9531e-11 6.37249e-21 2.4773e-13
7.95364e-11 6.37332e-21 2.4747e-13
7.95307e-11 6.37237e-21 2.47217e-13
7.95229e-11 6.37112e-21 2.47019e-13
7.95218e-11 6.37088e-21 2.46703e-13
7.95194e-11 6.37044e-21 2.46397e-13
7.95204e-11 6.37054e-21 2.46082e-13
7.95163e-11 6.36985e-21 2.45799e-13
7.95266e-11 6.37151e-21 2.457e-13
7.9534e-11 6.37267e-21 2.45496e-13
7.95238e-11 6.37107e-21 2.45393e-13
7.95271e-11 6.37153e-21 2.45101e-13
7.95276e-11 6.37155e-21 2.44788e-13
7.95277e-11 6.37152e-21 2.44476e-13
7.95347e-11 6.3726e-21 2.44264e-13
7.95441e-11 6.37411e-21 2.44134e-13
7.95373e-11 6.373e-21 2.43919e-13
7.95295e-11 6.37176e-21 2.43732e-13
7.95246e-11 6.37093e-21 2.43474e-13
7.9541e-11 6.3737e-21 2.43721e-13
7.95434e-11 6.37403e-21 2.43425e-13
7.95332e-11 6.37242e-21 2.43334e-13
7.95278e-11 6.37153e-21 2.43087e-13
7.95295e-11 6.37174e-21 2.42787e-13
7.9537e-11 6.37292e-21 2.42598e-13
7.95342e-11 6.37242e-21 2.42309e-13
7.95635e-11 6.37771e-21 2.43775e-13
7.95507e-11 6.37575e-21 2.43805e-13
7.95432e-11 6.37454e-21 2.43616e-13
7.95442e-11 6.37464e-21 2.43314e-13
7.95359e-11 6.37331e-21 2.43153e-13
7.95296e-11 6.37228e-21 2.42932e-13
7.95191e-11 6.37065e-21 2.42855e-13
7.95235e-11 6.37131e-21 2.42593e-13
7.95332e-11 6.37287e-21 2.42485e-13
7.95311e-11 6.37247e-21 2.42194e-13
7.95306e-11 6.37234e-21 2.41894e-13
7.95326e-11 6.37259e-21 2.41603e-13
7.95354e-11 6.37299e-21 2.41321e-13
7.95518e-11 6.37577e-21 2.41583e-13
7.95598e-11 6.37702e-21 2.41415e-13
7.95436e-11 6.3746e-21 2.41659e-13
7.95463e-11 6.37498e-21 2.41378e-13
7.95545e-11 6.37628e-21 2.41219e-13
7.95509e-11 6.37567e-21 2.4095e-13
7.95463e-11 6.37489e-21 2.40699e-13
7.95527e-11 6.37589e-21 2.40491e-13
7.95612e-11 6.37723e-21 2.40346e-13
7.95681e-11 6.37832e-21 2.40153e-13
7.95754e-11 6.37946e-21 2.3997e-13
7.95763e-11 6.37955e-21 2.3968e-13
7.95704e-11 6.37858e-21 2.39462e-13
7.95593e-11 6.37686e-21 2.39429e-13
7.95604e-11 6.37699e-21 2.39142e-13
7.95553e-11 6.37614e-21 2.38906e-13
7.95498e-11 6.37523e-21 2.38682e-13
7.95476e-11 6.37482e-21 2.38404e-13
7.95425e-11 6.37398e-21 2.38169e-13
7.95449e-11 6.37431e-21 2.37894e-13
7.95447e-11 6.37421e-21 2.37607e-13
7.95393e-11 6.37333e-21 2.37382e-13
7.95318e-11 6.37213e-21 2.37215e-13
7.95265e-11 6.37125e-21 2.3699e-13
7.95202e-11 6.37022e-21 2.3679e-13
7.95317e-11 6.3721e-21 2.36786e-13
7.95299e-11 6.37176e-21 2.36509e-13
7.95385e-11 6.37314e-21 2.36385e-13
7.95355e-11 6.37261e-21 2.36123e-13
7.95344e-11 6.37239e-21 2.35844e-13
7.95308e-11 6.37177e-21 2.35591e-13
7.9532e-11 6.3719e-21 2.35314e-13
7.9541e-11 6.37335e-21 2.35206e-13
7.95543e-11 6.37556e-21 2.35306e-13
7.95621e-11 6.3768e-21 2.35156e-13
7.95671e-11 6.37757e-21 2.34932e-13
7.95694e-11 6.37788e-21 2.34666e-13
7.95685e-11 6.37768e-21 2.34391e-13
7.95607e-11 6.37644e-21 2.34243e-13
7.95568e-11 6.37577e-21 2.34001e-13
7.95507e-11 6.37477e-21 2.33805e-13
7.95699e-11 6.37809e-21 2.34318e-13
7.95836e-11 6.38038e-21 2.34445e-13
7.95731e-11 6.37874e-21 2.34407e-13
7.9576e-11 6.37916e-21 2.34151e-13
7.95784e-11 6.37949e-21 2.3389e-13
7.95838e-11 6.38033e-21 2.3368e-13
7.95764e-11 6.37914e-21 2.33524e-13
7.95662e-11 6.37755e-21 2.33476e-13
7.95652e-11 6.37734e-21 2.33206e-13
7.95635e-11 6.37702e-21 2.32941e-13
7.95651e-11 6.37722e-21 2.32676e-13
7.95619e-11 6.37667e-21 2.32428e-13
7.95585e-11 6.37608e-21 2.32184e-13
7.95535e-11 6.37525e-21 2.31971e-13
7.95564e-11 6.37566e-21 2.31721e-13
7.95523e-11 6.37498e-21 2.31489e-13
7.95458e-11 6.37392e-21 2.31314e-13
7.95554e-11 6.37547e-21 2.31245e-13
7.95699e-11 6.37792e-21 2.31438e-13
7.95721e-11 6.37821e-21 2.31183e-13
7.95602e-11 6.37639e-21 2.31223e-13
7.95601e-11 6.37633e-21 2.30958e-13
7.95536e-11 6.37527e-21 2.30787e-13
7.955e-11 6.37466e-21 2.30551e-13
7.95476e-11 6.37423e-21 2.303e-13
7.95346e-11 6.37225e-21 2.30407e-13
7.95261e-11 6.37091e-21 2.303e-13
7.95297e-11 6.37144e-21 2.30066e-13
7.95255e-11 6.37074e-21 2.29843e-13
7.95309e-11 6.37158e-21 2.29646e-13
7.95245e-11 6.37053e-21 2.29478e-13
7.95243e-11 6.37045e-21 2.29218e-13
7.95238e-11 6.37032e-21 2.28959e-13
7.95285e-11 6.37104e-21 2.28749e-13
7.95274e-11 6.37081e-21 2.28493e-13
7.95392e-11 6.37276e-21 2.2854e-13
7.95547e-11 6.37539e-21 2.28809e-13
7.9555e-11 6.37539e-21 2.28552e-13
7.95512e-11 6.37474e-21 2.28327e-13
7.95474e-11 6.3741e-21 2.28102e-13
7.95459e-11 6.37381e-21 2.27851e-13
7.95607e-11 6.37631e-21 2.28075e-13
7.95479e-11 6.37436e-21 2.28182e-13
7.95578e-11 6.37597e-21 2.28142e-13
7.95512e-11 6.3749e-21 2.27983e-13
7.9547e-11 6.37421e-21 2.27766e-13
7.95522e-11 6.375e-21 2.2757e-13
7.95642e-11 6.37699e-21 2.27633e-13
7.95648e-11 6.37705e-21 2.27381e-13
7.95656e-11 6.37711e-21 2.2713e-13
7.95589e-11 6.37604e-21 2.26977e-13
7.95612e-11 6.37636e-21 2.26737e-13
7.95591e-11 6.37598e-21 2.26496e-13
7.95745e-11 6.37858e-21 2.26766e-13
7.95725e-11 6.37822e-21 2.26524e-13
7.95575e-11 6.37599e-21 2.26766e-13
7.95535e-11 6.37531e-21 2.26553e-13
7.95456e-11 6.37406e-21 2.2644e-13
7.95453e-11 6.37397e-21 2.26191e-13
7.95435e-11 6.37362e-21 2.25951e-13
7.95389e-11 6.37286e-21 2.2575e-13
7.95371e-11 6.37252e-21 2.25509e-13
7.95501e-11 6.37471e-21 2.25642e-13
7.95529e-11 6.3751e-21 2.25412e-13
7.95603e-11 6.37628e-21 2.25286e-13
7.95511e-11 6.37485e-21 2.25225e-13
7.9565e-11 6.37718e-21 2.25405e-13
7.95657e-11 6.37725e-21 2.25161e-13
7.95679e-11 6.37754e-21 2.24926e-13
7.95589e-11 6.37614e-21 2.2486e-13
7.95643e-11 6.37697e-21 2.2468e-13
7.95604e-11 6.37632e-21 2.24469e-13
7.95588e-11 6.37601e-21 2.24232e-13
7.9571e-11 6.37804e-21 2.24323e-13
7.95672e-11 6.3774e-21 2.24113e-13
7.95773e-11 6.37906e-21 2.241e-13
7.95887e-11 6.38093e-21 2.24145e-13
7.95993e-11 6.38268e-21 2.24157e-13
7.95977e-11 6.38237e-21 2.23922e-13
7.95868e-11 6.3807e-21 2.23944e-13
7.95722e-11 6.37853e-21 2.2418e-13
7.95629e-11 6.37707e-21 2.24133e-13
7.95573e-11 6.37617e-21 2.23962e-13
7.9556e-11 6.3759e-21 2.23727e-13
7.95701e-11 6.37829e-21 2.23933e-13
7.95681e-11 6.37793e-21 2.23703e-13
7.9566e-11 6.37754e-21 2.23474e-13
7.95579e-11 6.37627e-21 2.23382e-13
7.95701e-11 6.37829e-21 2.23473e-13
7.95641e-11 6.37732e-21 2.23315e-13
7.95624e-11 6.377e-21 2.23085e-13
7.95596e-11 6.37652e-21 2.22865e-13
7.9567e-11 6.3777e-21 2.22752e-13
7.9567e-11 6.37764e-21 2.22516e-13
7.95613e-11 6.37672e-21 2.22353e-13
7.95575e-11 6.37608e-21 2.22151e-13
7.95648e-11 6.37724e-21 2.22035e-13
7.95626e-11 6.37685e-21 2.21811e-13
7.95575e-11 6.37601e-21 2.21636e-13
7.95545e-11 6.3755e-21 2.21423e-13
7.95615e-11 6.37661e-21 2.21301e-13
7.95598e-11 6.37629e-21 2.21075e-13
7.95537e-11 6.37531e-21 2.20926e-13
7.95536e-11 6.37524e-21 2.20694e-13
7.95441e-11 6.37377e-21 2.20667e-13
7.95381e-11 6.3728e-21 2.20518e-13
7.95347e-11 6.37223e-21 2.20313e-13
7.95337e-11 6.37201e-21 2.20086e-13
7.95287e-11 6.3712e-21 2.19912e-13
7.95337e-11 6.37197e-21 2.1974e-13
7.95417e-11 6.37324e-21 2.19655e-13
7.95627e-11 6.37698e-21 2.20437e-13
7.95693e-11 6.37801e-21 2.20306e-13
7.9569e-11 6.37792e-21 2.20077e-13
7.95701e-11 6.37805e-21 2.19852e-13
7.95671e-11 6.37753e-21 2.19646e-13
7.95607e-11 6.3765e-21 2.19511e-13
7.95524e-11 6.3752e-21 2.19441e-13
7.95492e-11 6.37465e-21 2.19238e-13
7.95449e-11 6.37394e-21 2.19054e-13
7.95409e-11 6.37326e-21 2.18866e-13
7.95527e-11 6.37523e-21 2.1896e-13
7.9541e-11 6.37345e-21 2.19048e-13
7.95441e-11 6.37391e-21 2.18845e-13
7.95327e-11 6.37217e-21 2.18918e-13
7.95306e-11 6.3718e-21 2.18703e-13
7.95275e-11 6.37126e-21 2.18502e-13
7.95438e-11 6.37407e-21 2.18886e-13
7.95389e-11 6.37327e-21 2.18717e-13
7.95363e-11 6.37282e-21 2.18509e-13
7.9532e-11 6.3721e-21 2.1833e-13
7.95363e-11 6.37276e-21 2.18151e-13
7.95396e-11 6.37324e-21 2.17953e-13
7.95456e-11 6.37419e-21 2.17815e-13
7.95486e-11 6.37462e-21 2.17614e-13
7.95445e-11 6.37394e-21 2.17432e-13
7.95397e-11 6.37316e-21 2.17264e-13
7.95389e-11 6.37298e-21 2.17046e-13
7.95504e-11 6.3749e-21 2.17135e-13
7.95525e-11 6.37518e-21 2.16925e-13
7.95584e-11 6.37611e-21 2.16787e-13
7.95492e-11 6.37468e-21 2.16765e-13
7.95481e-11 6.37447e-21 2.16549e-13
7.95454e-11 6.374e-21 2.16349e-13
7.95471e-11 6.37422e-21 2.16138e-13
7.95395e-11 6.37303e-21 2.16054e-13
7.95399e-11 6.37304e-21 2.15838e-13
7.95441e-11 6.37369e-21 2.15664e-13
7.95384e-11 6.37277e-21 2.15524e-13
