7.89324e-11 6.23032e-21 0
8.17761e-11 6.69542e-21 2.84374e-12
8.42158e-11 7.1096e-21 2.94069e-12
8.3822e-11 7.03956e-21 2.11636e-12
8.33378e-11 6.95687e-21 1.70933e-12
8.3891e-11 7.04897e-21 1.50131e-12
8.35793e-11 6.99574e-21 1.30656e-12
8.37517e-11 7.02351e-21 1.14457e-12
8.35748e-11 6.99315e-21 1.02478e-12
8.24438e-11 6.81605e-21 1.45581e-12
8.23423e-11 6.7977e-21 1.32073e-12
8.20817e-11 6.75415e-21 1.2335e-12
8.14809e-11 6.65893e-21 1.28389e-12
8.12356e-11 6.61838e-21 1.2137e-12
8.08728e-11 6.56012e-21 1.18673e-12
8.07031e-11 6.5319e-21 1.12298e-12
8.09997e-11 6.58017e-21 1.09578e-12
8.07034e-11 6.53268e-21 1.07476e-12
8.04409e-11 6.49058e-21 1.04998e-12
8.03424e-11 6.47394e-21 1.00096e-12
8.02048e-11 6.45132e-21 9.61992e-13
8.04833e-11 6.49685e-21 9.58565e-13
7.99808e-11 6.42095e-21 1.04469e-12
7.97599e-11 6.38578e-21 1.02432e-12
8.01653e-11 6.45359e-21 1.06285e-12
7.98004e-11 6.3975e-21 1.0844e-12
7.99455e-11 6.42013e-21 1.05351e-12
7.98956e-11 6.4112e-21 1.01641e-12
8.01585e-11 6.45425e-21 1.01535e-12
7.96097e-11 6.37434e-21 1.12398e-12
7.95674e-11 6.36648e-21 1.08794e-12
7.94614e-11 6.34886e-21 1.05872e-12
7.95309e-11 6.35901e-21 1.02849e-12
7.98487e-11 6.412e-21 1.04717e-12
8.00269e-11 6.44053e-21 1.0323e-12
8.01904e-11 6.46666e-21 1.01645e-12
8.00432e-11 6.44288e-21 9.99488e-13
7.99794e-11 6.43187e-21 9.74922e-13
8.01279e-11 6.45559e-21 9.61138e-13
7.99121e-11 6.42199e-21 9.61342e-13
7.98206e-11 6.40683e-21 9.42054e-13
7.95734e-11 6.36908e-21 9.5202e-13
7.97965e-11 6.40586e-21 9.56018e-13
7.9904e-11 6.42265e-21 9.40201e-13
7.95649e-11 6.3728e-21 9.79608e-13
7.96128e-11 6.3796e-21 9.5927e-13
7.98198e-11 6.41371e-21 9.61207e-13
7.99598e-11 6.4361e-21 9.51316e-13
8.02668e-11 6.48895e-21 9.80988e-13
8.0078e-11 6.4595e-21 9.79535e-13
8.00404e-11 6.45263e-21 9.60874e-13
7.9895e-11 6.42956e-21 9.53371e-13
7.98226e-11 6.4174e-21 9.38006e-13
7.97386e-11 6.40352e-21 9.24298e-13
7.9763e-11 6.40662e-21 9.07665e-13
7.97704e-11 6.40701e-21 8.9134e-13
7.96781e-11 6.39201e-21 8.80413e-13
7.949e-11 6.36334e-21 8.85316e-13
7.96828e-11 6.39543e-21 8.91288e-13
7.97199e-11 6.40064e-21 8.7709e-13
7.95954e-11 6.381e-21 8.71527e-13
7.95654e-11 6.37554e-21 8.5788e-13
7.9482e-11 6.362e-21 8.48259e-13
7.94448e-11 6.35548e-21 8.35729e-13
7.93494e-11 6.34024e-21 8.28283e-13
7.92613e-11 6.3261e-21 8.20382e-13
7.91896e-11 6.31442e-21 8.1122e-13
7.91702e-11 6.31074e-21 7.99437e-13
7.91431e-11 6.30587e-21 7.88232e-13
7.90189e-11 6.2867e-21 7.86749e-13
7.89671e-11 6.2781e-21 7.77317e-13
7.89559e-11 6.27575e-21 7.66526e-13
7.88896e-11 6.26502e-21 7.5886e-13
7.88543e-11 6.259e-21 7.49364e-13
7.87868e-11 6.24815e-21 7.42378e-13
7.8797e-11 6.24923e-21 7.32616e-13
7.8793e-11 6.24807e-21 7.2305e-13
7.87711e-11 6.24415e-21 7.14055e-13
7.88245e-11 6.25229e-21 7.0698e-13
7.88664e-11 6.25854e-21 6.9934e-13
7.88404e-11 6.25402e-21 6.91143e-13
7.87854e-11 6.24513e-21 6.84869e-13
7.87903e-11 6.24545e-21 6.76585e-13
7.8855e-11 6.25555e-21 6.71605e-13
7.87695e-11 6.24225e-21 6.69144e-13
7.87306e-11 6.23581e-21 6.62461e-13
7.87372e-11 6.23642e-21 6.54836e-13
7.87583e-11 6.23937e-21 6.47695e-13
7.87338e-11 6.23515e-21 6.40846e-13
7.87642e-11 6.23963e-21 6.34417e-13
7.88348e-11 6.2508e-21 6.31363e-13
7.88281e-11 6.24935e-21 6.24499e-13
7.884e-11 6.25086e-21 6.17862e-13
7.88158e-11 6.24674e-21 6.11731e-13
7.889e-11 6.25859e-21 6.0979e-13
7.90426e-11 6.28452e-21 6.22383e-13
7.90059e-11 6.27848e-21 6.17024e-13
7.9029e-11 6.28181e-21 6.11132e-13
7.89396e-11 6.2681e-21 6.11501e-13
7.89696e-11 6.27257e-21 6.06101e-13
7.90214e-11 6.28066e-21 6.02298e-13
7.89889e-11 6.27527e-21 5.97249e-13
7.90227e-11 6.28039e-21 5.92391e-13
7.89639e-11 6.2711e-21 5.89613e-13
7.90471e-11 6.28463e-21 5.89871e-13
7.91091e-11 6.29449e-21 5.87554e-13
7.90757e-11 6.289e-21 5.8299e-13
7.91339e-11 6.29822e-21 5.80485e-13
7.90689e-11 6.28807e-21 5.78795e-13
7.90016e-11 6.27759e-21 5.77447e-13
7.89631e-11 6.27135e-21 5.73513e-13
7.88749e-11 6.25797e-21 5.75165e-13
7.88456e-11 6.25312e-21 5.70807e-13
7.88752e-11 6.25756e-21 5.66551e-13
7.8818e-11 6.2486e-21 5.64508e-13
7.87585e-11 6.23932e-21 5.62774e-13
7.87325e-11 6.23499e-21 5.58549e-13
7.86187e-11 6.2183e-21 5.65352e-13
7.86516e-11 6.22329e-21 5.61545e-13
7.86274e-11 6.21924e-21 5.57372e-13
7.86146e-11 6.21693e-21 5.52896e-13
7.85707e-11 6.20997e-21 5.50097e-13
7.84758e-11 6.19586e-21 5.53804e-13
7.84391e-11 6.18997e-21 5.50543e-13
7.84629e-11 6.19348e-21 5.46639e-13
7.84482e-11 6.19091e-21 5.42481e-13
7.84297e-11 6.18776e-21 5.3851e-13
7.8407e-11 6.18398e-21 5.34771e-13
7.83398e-11 6.17374e-21 5.34851e-13
7.82721e-11 6.16345e-21 5.35017e-13
7.83151e-11 6.17015e-21 5.32659e-13
7.83144e-11 6.16975e-21 5.28609e-13
7.83294e-11 6.17185e-21 5.24834e-13
7.83743e-11 6.17889e-21 5.22838e-13
7.84334e-11 6.18835e-21 5.22298e-13
7.86148e-11 6.22102e-21 5.49274e-13
7.86633e-11 6.22866e-21 5.47398e-13
7.87114e-11 6.23625e-21 5.45542e-13
7.87068e-11 6.23525e-21 5.41622e-13
7.87622e-11 6.2441e-21 5.40579e-13
7.8719e-11 6.23727e-21 5.38469e-13
7.87595e-11 6.24361e-21 5.36202e-13
7.87643e-11 6.24407e-21 5.3246e-13
7.87161e-11 6.23653e-21 5.3094e-13
7.87306e-11 6.23857e-21 5.27465e-13
7.87038e-11 6.23418e-21 5.24522e-13
7.86793e-11 6.23015e-21 5.21517e-13
7.8691e-11 6.23174e-21 5.18113e-13
7.87467e-11 6.24069e-21 5.17624e-13
7.87283e-11 6.23759e-21 5.14489e-13
7.8768e-11 6.24381e-21 5.12605e-13
7.87677e-11 6.2435e-21 5.09221e-13
7.87691e-11 6.24346e-21 5.05884e-13
7.8736e-11 6.23818e-21 5.03672e-13
7.87778e-11 6.24478e-21 5.02153e-13
7.87514e-11 6.24048e-21 4.9962e-13
7.87342e-11 6.23756e-21 4.96728e-13
7.87595e-11 6.24141e-21 4.94227e-13
7.87558e-11 6.24059e-21 4.91123e-13
7.87682e-11 6.24232e-21 4.882e-13
7.87973e-11 6.24681e-21 4.86033e-13
7.88197e-11 6.25019e-21 4.83543e-13
7.8809e-11 6.2483e-21 4.80686e-13
7.87782e-11 6.24336e-21 4.78742e-13
7.87754e-11 6.2427e-21 4.7584e-13
7.88086e-11 6.24789e-21 4.74128e-13
7.87584e-11 6.24018e-21 4.73942e-13
7.8793e-11 6.2456e-21 4.72375e-13
7.88552e-11 6.25583e-21 4.73673e-13
7.8848e-11 6.25449e-21 4.70932e-13
7.88289e-11 6.25133e-21 4.68558e-13
7.87985e-11 6.24647e-21 4.66819e-13
7.88237e-11 6.25033e-21 4.64793e-13
7.88391e-11 6.25259e-21 4.62371e-13
7.88094e-11 6.24784e-21 4.60681e-13
7.88986e-11 6.2631e-21 4.66662e-13
7.8836e-11 6.2537e-21 4.68216e-13
7.88279e-11 6.25221e-21 4.6565e-13
7.88433e-11 6.25447e-21 4.63298e-13
7.88645e-11 6.25769e-21 4.61205e-13
7.88083e-11 6.24918e-21 4.62086e-13
7.87534e-11 6.24087e-21 4.62799e-13
7.87752e-11 6.24418e-21 4.60777e-13
7.87862e-11 6.24572e-21 4.58398e-13
7.87404e-11 6.23869e-21 4.58205e-13
7.87749e-11 6.24413e-21 4.57039e-13
7.87669e-11 6.24268e-21 4.54658e-13
7.87355e-11 6.23771e-21 4.53325e-13
7.87072e-11 6.23321e-21 4.51804e-13
7.87092e-11 6.23332e-21 4.49424e-13
7.87675e-11 6.24294e-21 4.50844e-13
7.87812e-11 6.24493e-21 4.487e-13
7.87809e-11 6.24469e-21 4.46369e-13
7.87867e-11 6.24541e-21 4.44099e-13
7.8774e-11 6.24324e-21 4.41999e-13
7.87749e-11 6.24319e-21 4.39739e-13
7.87393e-11 6.23764e-21 4.38945e-13
7.8782e-11 6.24454e-21 4.3881e-13
7.87727e-11 6.24289e-21 4.367e-13
7.88001e-11 6.24717e-21 4.35374e-13
7.88664e-11 6.25831e-21 4.38245e-13
7.88991e-11 6.2635e-21 4.37296e-13
7.89295e-11 6.2683e-21 4.36198e-13
7.89698e-11 6.2748e-21 4.35921e-13
7.89768e-11 6.27574e-21 4.33847e-13
7.90518e-11 6.28856e-21 4.38201e-13
7.91278e-11 6.30157e-21 4.42646e-13
7.91107e-11 6.29873e-21 4.40845e-13
7.90501e-11 6.28972e-21 4.42895e-13
7.90294e-11 6.28634e-21 4.41269e-13
7.90115e-11 6.28339e-21 4.39536e-13
7.90801e-11 6.29504e-21 4.42808e-13
7.90691e-11 6.29313e-21 4.40861e-13
7.91768e-11 6.31244e-21 4.5181e-13
7.92194e-11 6.31938e-21 4.5172e-13
7.91713e-11 6.31206e-21 4.52188e-13
7.91813e-11 6.31345e-21 4.50208e-13
7.91612e-11 6.31016e-21 4.48588e-13
7.91433e-11 6.3072e-21 4.46892e-13
7.91159e-11 6.30283e-21 4.457e-13
7.91086e-11 6.30148e-21 4.4374e-13
7.91456e-11 6.30745e-21 4.43285e-13
7.91379e-11 6.30605e-21 4.41361e-13
7.91708e-11 6.31131e-21 4.40621e-13
7.91765e-11 6.31202e-21 4.38695e-13
7.92041e-11 6.31639e-21 4.37624e-13
7.92333e-11 6.32102e-21 4.3667e-13
7.92928e-11 6.33105e-21 4.38795e-13
7.92865e-11 6.32987e-21 4.3692e-13
7.92823e-11 6.32903e-21 4.35036e-13
7.92529e-11 6.32437e-21 4.34147e-13
7.92204e-11 6.31927e-21 4.33495e-13
7.92306e-11 6.32073e-21 4.31751e-13
7.92236e-11 6.31945e-21 4.29958e-13
7.92855e-11 6.32999e-21 4.32584e-13
7.92434e-11 6.32354e-21 4.32804e-13
7.92174e-11 6.31938e-21 4.3176e-13
7.91981e-11 6.31624e-21 4.30373e-13
7.92144e-11 6.3187e-21 4.28879e-13
7.92313e-11 6.32126e-21 4.27422e-13
7.92362e-11 6.32187e-21 4.25673e-13
7.92289e-11 6.32055e-21 4.23973e-13
7.92555e-11 6.32475e-21 4.23062e-13
7.92157e-11 6.31865e-21 4.23202e-13
7.92375e-11 6.32203e-21 4.22032e-13
7.92577e-11 6.32516e-21 4.20799e-13
7.9265e-11 6.32616e-21 4.19155e-13
7.92396e-11 6.32211e-21 4.18235e-13
7.9235e-11 6.32122e-21 4.16577e-13
7.92448e-11 6.32262e-21 4.15023e-13
7.92592e-11 6.32479e-21 4.13617e-13
7.92117e-11 6.31766e-21 4.14694e-13
7.92317e-11 6.32075e-21 4.13532e-13
7.92305e-11 6.3204e-21 4.11902e-13
7.92481e-11 6.3231e-21 4.10662e-13
7.92908e-11 6.33016e-21 4.11274e-13
7.92627e-11 6.32574e-21 4.10634e-13
7.92809e-11 6.32855e-21 4.09445e-13
7.92698e-11 6.32665e-21 4.08013e-13
7.92807e-11 6.32825e-21 4.06588e-13
7.92924e-11 6.32998e-21 4.05196e-13
7.92588e-11 6.32478e-21 4.05045e-13
7.92197e-11 6.31882e-21 4.05393e-13
7.92389e-11 6.32179e-21 4.04311e-13
7.92537e-11 6.32403e-21 4.03053e-13
7.92642e-11 6.32557e-21 4.01673e-13
7.92553e-11 6.32402e-21 4.00264e-13
7.92407e-11 6.3216e-21 3.99038e-13
7.91984e-11 6.31522e-21 3.99796e-13
7.91985e-11 6.31508e-21 3.98312e-13
7.91659e-11 6.31005e-21 3.98174e-13
7.91855e-11 6.31309e-21 3.9719e-13
7.92338e-11 6.32123e-21 3.98675e-13
7.92148e-11 6.31816e-21 3.97672e-13
7.92246e-11 6.31958e-21 3.96345e-13
7.92555e-11 6.32459e-21 3.96114e-13
7.9256e-11 6.32451e-21 3.94682e-13
7.92447e-11 6.3226e-21 3.93421e-13
7.92505e-11 6.32337e-21 3.92052e-13
7.92431e-11 6.32207e-21 3.90719e-13
7.92789e-11 6.32795e-21 3.90967e-13
7.9264e-11 6.3255e-21 3.89862e-13
7.92516e-11 6.32342e-21 3.88681e-13
7.92942e-11 6.33054e-21 3.8965e-13
7.9327e-11 6.33589e-21 3.89662e-13
7.93655e-11 6.34227e-21 3.90198e-13
7.93706e-11 6.34294e-21 3.8887e-13
7.93614e-11 6.34135e-21 3.87627e-13
7.93521e-11 6.33976e-21 3.86394e-13
7.93789e-11 6.34407e-21 3.85989e-13
7.93941e-11 6.3464e-21 3.8496e-13
7.94254e-11 6.35152e-21 3.84918e-13
7.94637e-11 6.35788e-21 3.85509e-13
7.94471e-11 6.35518e-21 3.84554e-13
7.94639e-11 6.35777e-21 3.83613e-13
7.9431e-11 6.35271e-21 3.83729e-13
7.9399e-11 6.34779e-21 3.83768e-13
7.93969e-11 6.34731e-21 3.82484e-13
7.94031e-11 6.34817e-21 3.81253e-13
7.93921e-11 6.34631e-21 3.8014e-13
7.93869e-11 6.34534e-21 3.78911e-13
7.93777e-11 6.34378e-21 3.77764e-13
7.9392e-11 6.34596e-21 3.76785e-13
7.94087e-11 6.34855e-21 3.75913e-13
7.93838e-11 6.34465e-21 3.75504e-13
7.93607e-11 6.34101e-21 3.74983e-13
7.93746e-11 6.34313e-21 3.74015e-13
7.94242e-11 6.35164e-21 3.76096e-13
7.94355e-11 6.35332e-21 3.75046e-13
7.94036e-11 6.34843e-21 3.75193e-13
7.93741e-11 6.34387e-21 3.75149e-13
7.93802e-11 6.34471e-21 3.73994e-13
7.93714e-11 6.34321e-21 3.729e-13
7.94024e-11 6.34828e-21 3.72997e-13
7.93787e-11 6.34456e-21 3.72564e-13
7.93816e-11 6.34488e-21 3.71395e-13
7.94032e-11 6.34833e-21 3.70853e-13
7.93891e-11 6.34601e-21 3.69955e-13
7.93768e-11 6.34397e-21 3.68999e-13
7.93921e-11 6.34635e-21 3.68165e-13
7.93892e-11 6.34575e-21 3.67028e-13
7.93979e-11 6.34702e-21 3.6599e-13
7.93896e-11 6.34559e-21 3.6495e-13
7.94136e-11 6.34947e-21 3.64617e-13
7.94196e-11 6.3503e-21 3.63542e-13
7.94157e-11 6.34954e-21 3.62447e-13
7.93877e-11 6.34523e-21 3.62418e-13
7.94114e-11 6.34904e-21 3.62088e-13
7.94307e-11 6.35209e-21 3.61499e-13
7.94306e-11 6.35196e-21 3.60402e-13
7.94318e-11 6.35202e-21 3.59314e-13
7.94286e-11 6.35138e-21 3.58244e-13
7.94414e-11 6.35334e-21 3.57397e-13
7.94255e-11 6.35077e-21 3.5668e-13
7.94076e-11 6.34792e-21 3.56063e-13
7.93864e-11 6.34457e-21 3.55634e-13
7.9343e-11 6.33819e-21 3.57229e-13
7.93422e-11 6.33793e-21 3.56172e-13
7.93541e-11 6.33975e-21 3.55319e-13
7.937e-11 6.34223e-21 3.5463e-13
7.93926e-11 6.34586e-21 3.54308e-13
7.93717e-11 6.34257e-21 3.53888e-13
7.93667e-11 6.34167e-21 3.52889e-13
7.93518e-11 6.33925e-21 3.5218e-13
7.93397e-11 6.33726e-21 3.51365e-13
7.93774e-11 6.3436e-21 3.52365e-13
7.93578e-11 6.3405e-21 3.51894e-13
7.93723e-11 6.34275e-21 3.5118e-13
7.93295e-11 6.33648e-21 3.52771e-13
7.93346e-11 6.33717e-21 3.51798e-13
7.93734e-11 6.34373e-21 3.52927e-13
7.93698e-11 6.34305e-21 3.51941e-13
7.93668e-11 6.34245e-21 3.50955e-13
7.93988e-11 6.34776e-21 3.51418e-13
7.93732e-11 6.34381e-21 3.51358e-13
7.93432e-11 6.33924e-21 3.51656e-13
7.9356e-11 6.34122e-21 3.50905e-13
7.93629e-11 6.3422e-21 3.4999e-13
7.93933e-11 6.34723e-21 3.50335e-13
7.93964e-11 6.34761e-21 3.49374e-13
7.93622e-11 6.34248e-21 3.50076e-13
7.93759e-11 6.3446e-21 3.49375e-13
7.93907e-11 6.3469e-21 3.48724e-13
7.94003e-11 6.34834e-21 3.47897e-13
7.93874e-11 6.34624e-21 3.47181e-13
7.93467e-11 6.34026e-21 3.48618e-13
7.93765e-11 6.3452e-21 3.48945e-13
7.93783e-11 6.34537e-21 3.48e-13
7.93706e-11 6.34403e-21 3.47143e-13
7.94001e-11 6.34893e-21 3.47464e-13
7.93828e-11 6.34617e-21 3.46958e-13
7.93974e-11 6.34845e-21 3.46331e-13
7.94212e-11 6.35232e-21 3.46221e-13
7.94112e-11 6.35064e-21 3.45441e-13
7.94207e-11 6.35207e-21 3.44651e-13
7.94094e-11 6.35021e-21 3.43918e-13
7.93887e-11 6.34696e-21 3.4363e-13
7.93846e-11 6.3462e-21 3.42744e-13
7.93819e-11 6.34567e-21 3.41849e-13
7.94e-11 6.34855e-21 3.41428e-13
7.93857e-11 6.34623e-21 3.40833e-13
7.9394e-11 6.34746e-21 3.40042e-13
7.93871e-11 6.34627e-21 3.39223e-13
7.9383e-11 6.3455e-21 3.38364e-13
7.93738e-11 6.34397e-21 3.37608e-13
7.93821e-11 6.3452e-21 3.36834e-13
7.93758e-11 6.3441e-21 3.36022e-13
7.93936e-11 6.34694e-21 3.3563e-13
7.93793e-11 6.34464e-21 3.35071e-13
7.93741e-11 6.34371e-21 3.34251e-13
7.93685e-11 6.34272e-21 3.33443e-13
7.93721e-11 6.34319e-21 3.32612e-13
7.93708e-11 6.34287e-21 3.31767e-13
7.93526e-11 6.34001e-21 3.31423e-13
7.93607e-11 6.34121e-21 3.30681e-13
7.93454e-11 6.33876e-21 3.302e-13
7.93283e-11 6.33605e-21 3.29812e-13
7.93393e-11 6.33774e-21 3.29166e-13
7.93538e-11 6.34002e-21 3.28661e-13
7.93707e-11 6.34271e-21 3.28275e-13
7.93524e-11 6.33982e-21 3.2797e-13
7.93739e-11 6.34331e-21 3.27858e-13
7.93491e-11 6.33952e-21 3.2798e-13
7.93648e-11 6.34201e-21 3.27545e-13
7.93864e-11 6.34552e-21 3.2745e-13
7.93819e-11 6.3447e-21 3.26674e-13
7.94006e-11 6.34772e-21 3.26409e-13
7.93958e-11 6.34685e-21 3.25644e-13
7.93975e-11 6.34701e-21 3.24851e-13
7.94067e-11 6.34841e-21 3.24189e-13
7.9403e-11 6.34772e-21 3.2342e-13
7.93803e-11 6.34422e-21 3.23435e-13
7.93924e-11 6.34611e-21 3.22879e-13
7.9386e-11 6.34501e-21 3.22162e-13
7.94099e-11 6.34894e-21 3.22273e-13
7.94155e-11 6.34972e-21 3.21544e-13
7.94325e-11 6.35244e-21 3.21222e-13
7.94301e-11 6.35197e-21 3.20462e-13
7.94228e-11 6.35072e-21 3.1978e-13
7.94095e-11 6.34858e-21 3.19295e-13
7.94093e-11 6.34846e-21 3.18535e-13
7.93988e-11 6.34672e-21 3.17956e-13
7.94103e-11 6.34852e-21 3.17415e-13
7.94195e-11 6.34991e-21 3.16797e-13
7.94254e-11 6.35076e-21 3.16106e-13
7.94497e-11 6.35478e-21 3.163e-13
7.94461e-11 6.35411e-21 3.1558e-13
7.94301e-11 6.35158e-21 3.15245e-13
7.94375e-11 6.35267e-21 3.14595e-13
7.94114e-11 6.34872e-21 3.14945e-13
7.93834e-11 6.34451e-21 3.15461e-13
7.93975e-11 6.34675e-21 3.15048e-13
7.94188e-11 6.35023e-21 3.15041e-13
7.94274e-11 6.35151e-21 3.1443e-13
7.94296e-11 6.35177e-21 3.13714e-13
7.94127e-11 6.34912e-21 3.13445e-13
7.94075e-11 6.34821e-21 3.1277e-13
7.94316e-11 6.35219e-21 3.12983e-13
7.94461e-11 6.35449e-21 3.12606e-13
7.94567e-11 6.35612e-21 3.12073e-13
7.94568e-11 6.35605e-21 3.11365e-13
7.94491e-11 6.35475e-21 3.10755e-13
7.94428e-11 6.35366e-21 3.10118e-13
7.94414e-11 6.35336e-21 3.09422e-13
7.94297e-11 6.35146e-21 3.08949e-13
7.94233e-11 6.35036e-21 3.08322e-13
7.94371e-11 6.35255e-21 3.07943e-13
7.94357e-11 6.35224e-21 3.07258e-13
7.94246e-11 6.35043e-21 3.06774e-13
7.93988e-11 6.34654e-21 3.07179e-13
7.93943e-11 6.34574e-21 3.0653e-13
7.9391e-11 6.34512e-21 3.0587e-13
7.93783e-11 6.34309e-21 3.05456e-13
7.93591e-11 6.34011e-21 3.05389e-13
7.93653e-11 6.34102e-21 3.04781e-13
7.93709e-11 6.34184e-21 3.04164e-13
7.93748e-11 6.34237e-21 3.03522e-13
7.9364e-11 6.34062e-21 3.0305e-13
7.93488e-11 6.33822e-21 3.02771e-13
7.93703e-11 6.34176e-21 3.02877e-13
7.93674e-11 6.3412e-21 3.02233e-13
7.93646e-11 6.34066e-21 3.01592e-13
7.93594e-11 6.33976e-21 3.00984e-13
7.93416e-11 6.337e-21 3.00858e-13
7.93416e-11 6.3369e-21 3.00211e-13
7.93385e-11 6.33633e-21 2.99581e-13
7.93309e-11 6.33506e-21 2.99036e-13
7.93189e-11 6.33314e-21 2.98635e-13
7.93148e-11 6.33241e-21 2.98027e-13
7.93329e-11 6.33534e-21 2.9794e-13
7.9365e-11 6.34084e-21 2.9904e-13
7.93578e-11 6.33963e-21 2.98493e-13
7.93549e-11 6.33908e-21 2.97875e-13
7.93707e-11 6.34161e-21 2.97666e-13
7.9368e-11 6.34111e-21 2.97051e-13
7.93533e-11 6.33878e-21 2.96794e-13
7.9338e-11 6.33638e-21 2.96566e-13
7.93487e-11 6.33804e-21 2.96138e-13
7.93703e-11 6.34161e-21 2.9631e-13
7.93889e-11 6.34464e-21 2.96275e-13
7.93734e-11 6.34221e-21 2.96061e-13
7.93574e-11 6.33971e-21 2.95878e-13
7.93471e-11 6.33804e-21 2.95446e-13
7.93352e-11 6.33613e-21 2.95076e-13
7.93312e-11 6.33541e-21 2.94494e-13
7.93163e-11 6.33307e-21 2.94264e-13
7.93041e-11 6.33112e-21 2.93911e-13
7.92829e-11 6.3279e-21 2.94071e-13
7.92825e-11 6.32774e-21 2.9347e-13
7.92879e-11 6.32852e-21 2.9292e-13
7.92959e-11 6.32975e-21 2.92434e-13
7.931e-11 6.332e-21 2.92179e-13
7.93147e-11 6.33266e-21 2.91623e-13
7.9317e-11 6.33294e-21 2.91041e-13
7.93059e-11 6.33116e-21 2.90663e-13
7.93046e-11 6.33088e-21 2.90079e-13
7.93163e-11 6.33272e-21 2.89731e-13
7.93363e-11 6.33599e-21 2.89835e-13
7.93411e-11 6.33668e-21 2.89293e-13
7.93618e-11 6.3401e-21 2.89456e-13
7.93778e-11 6.34269e-21 2.89322e-13
7.94019e-11 6.34673e-21 2.8975e-13
7.94109e-11 6.34812e-21 2.89314e-13
7.93737e-11 6.34282e-21 2.91129e-13
7.9366e-11 6.34153e-21 2.90656e-13
7.93719e-11 6.34241e-21 2.90142e-13
7.93756e-11 6.34292e-21 2.89593e-13
7.93716e-11 6.34221e-21 2.89049e-13
7.93733e-11 6.3424e-21 2.88486e-13
7.93775e-11 6.343e-21 2.87951e-13
7.93779e-11 6.34298e-21 2.87387e-13
7.93764e-11 6.34266e-21 2.86829e-13
7.93784e-11 6.34288e-21 2.86276e-13
7.93817e-11 6.34334e-21 2.85738e-13
7.93887e-11 6.34439e-21 2.85267e-13
7.93922e-11 6.34488e-21 2.84736e-13
7.93999e-11 6.34605e-21 2.84288e-13
7.94088e-11 6.34742e-21 2.83878e-13
7.94065e-11 6.34698e-21 2.8334e-13
7.94015e-11 6.34612e-21 2.82838e-13
7.93984e-11 6.34556e-21 2.82312e-13
7.94145e-11 6.34816e-21 2.82226e-13
7.93917e-11 6.34473e-21 2.82606e-13
7.93798e-11 6.34283e-21 2.82317e-13
7.93887e-11 6.34422e-21 2.81922e-13
7.93751e-11 6.34208e-21 2.81715e-13
7.93627e-11 6.34011e-21 2.81452e-13
7.93583e-11 6.33933e-21 2.80954e-13
7.93536e-11 6.33853e-21 2.80461e-13
7.93529e-11 6.33834e-21 2.79932e-13
7.93467e-11 6.33729e-21 2.79475e-13
7.93492e-11 6.33762e-21 2.78961e-13
7.93481e-11 6.33737e-21 2.78439e-13
7.93393e-11 6.33593e-21 2.78057e-13
7.93027e-11 6.33076e-21 2.7994e-13
7.92848e-11 6.32803e-21 2.79987e-13
7.93053e-11 6.33141e-21 2.8021e-13
7.93061e-11 6.33146e-21 2.79689e-13
7.93043e-11 6.33111e-21 2.79176e-13
7.92966e-11 6.32984e-21 2.78765e-13
7.92776e-11 6.32694e-21 2.78898e-13
7.92794e-11 6.32714e-21 2.78388e-13
7.92698e-11 6.3256e-21 2.7804e-13
7.92893e-11 6.32883e-21 2.78218e-13
7.92791e-11 6.32718e-21 2.77897e-13
7.92925e-11 6.32933e-21 2.77714e-13
7.92916e-11 6.32912e-21 2.77207e-13
7.92845e-11 6.32794e-21 2.76793e-13
7.92743e-11 6.32631e-21 2.76475e-13
7.92765e-11 6.32658e-21 2.75981e-13
7.92867e-11 6.32818e-21 2.7567e-13
7.9289e-11 6.32848e-21 2.7518e-13
7.92913e-11 6.32877e-21 2.74691e-13
7.92645e-11 6.32484e-21 2.75502e-13
7.92824e-11 6.32778e-21 2.75587e-13
7.92893e-11 6.32883e-21 2.75178e-13
7.92977e-11 6.33012e-21 2.74811e-13
7.92913e-11 6.32904e-21 2.74395e-13
7.92983e-11 6.33012e-21 2.73995e-13
7.92889e-11 6.3286e-21 2.73667e-13
7.92859e-11 6.32804e-21 2.73196e-13
7.92896e-11 6.32857e-21 2.72735e-13
7.92957e-11 6.32949e-21 2.72319e-13
7.92997e-11 6.33005e-21 2.71864e-13
7.93023e-11 6.3304e-21 2.71396e-13
7.93134e-11 6.33215e-21 2.7114e-13
7.93232e-11 6.33368e-21 2.7084e-13
7.93274e-11 6.3343e-21 2.70396e-13
7.93363e-11 6.33568e-21 2.70067e-13
7.9338e-11 6.33588e-21 2.69599e-13
7.93326e-11 6.33496e-21 2.69181e-13
7.93397e-11 6.33605e-21 2.68805e-13
7.93565e-11 6.3388e-21 2.68858e-13
7.93653e-11 6.34017e-21 2.68534e-13
7.93778e-11 6.34217e-21 2.68357e-13
7.93917e-11 6.34442e-21 2.68252e-13
7.93947e-11 6.34483e-21 2.67803e-13
7.93917e-11 6.34428e-21 2.67356e-13
7.93816e-11 6.34268e-21 2.67083e-13
7.93968e-11 6.34515e-21 2.67054e-13
7.93967e-11 6.34506e-21 2.66594e-13
7.94025e-11 6.34593e-21 2.66199e-13
7.9398e-11 6.34516e-21 2.6578e-13
7.9391e-11 6.344e-21 2.65418e-13
7.93794e-11 6.34217e-21 2.65217e-13
7.93858e-11 6.34315e-21 2.64843e-13
7.93981e-11 6.34511e-21 2.64675e-13
7.9401e-11 6.3455e-21 2.6424e-13
7.94261e-11 6.3498e-21 2.64992e-13
7.94372e-11 6.35156e-21 2.64772e-13
7.94365e-11 6.35139e-21 2.64324e-13
7.94333e-11 6.35081e-21 2.63897e-13
7.94316e-11 6.35047e-21 2.63457e-13
7.94273e-11 6.34972e-21 2.63049e-13
7.94139e-11 6.34764e-21 2.62946e-13
7.94117e-11 6.34722e-21 2.62513e-13
7.93762e-11 6.34226e-21 2.64473e-13
7.93769e-11 6.34231e-21 2.64032e-13
7.93685e-11 6.34095e-21 2.63725e-13
7.93809e-11 6.34294e-21 2.63578e-13
7.93755e-11 6.34204e-21 2.63194e-13
7.93601e-11 6.33967e-21 2.63209e-13
7.93698e-11 6.34119e-21 2.62949e-13
7.93573e-11 6.33924e-21 2.62807e-13
7.93505e-11 6.3381e-21 2.62463e-13
7.93621e-11 6.33997e-21 2.62289e-13
7.93651e-11 6.34038e-21 2.61873e-13
7.93671e-11 6.34063e-21 2.6145e-13
7.93447e-11 6.33731e-21 2.61985e-13
7.9345e-11 6.33729e-21 2.61556e-13
7.93464e-11 6.33745e-21 2.61131e-13
7.93447e-11 6.3371e-21 2.6071e-13
7.93334e-11 6.33533e-21 2.60526e-13
7.93284e-11 6.33448e-21 2.6015e-13
7.93267e-11 6.33415e-21 2.59732e-13
7.93272e-11 6.33416e-21 2.59311e-13
7.9345e-11 6.3371e-21 2.59499e-13
7.93385e-11 6.33604e-21 2.59158e-13
7.93244e-11 6.33386e-21 2.59121e-13
7.93352e-11 6.33558e-21 2.58928e-13
7.93442e-11 6.33699e-21 2.58667e-13
7.93335e-11 6.3353e-21 2.58473e-13
7.93382e-11 6.33598e-21 2.581e-13
7.93347e-11 6.33537e-21 2.57709e-13
7.93386e-11 6.33594e-21 2.57326e-13
7.93169e-11 6.33271e-21 2.57835e-13
7.93119e-11 6.33188e-21 2.57471e-13
7.93177e-11 6.33275e-21 2.57125e-13
7.93272e-11 6.33425e-21 2.56893e-13
7.93195e-11 6.333e-21 2.566e-13
7.93121e-11 6.3318e-21 2.563e-13
7.93264e-11 6.33412e-21 2.56291e-13
7.93532e-11 6.33877e-21 2.57289e-13
7.93501e-11 6.33821e-21 2.56902e-13
7.93584e-11 6.33951e-21 2.56632e-13
7.93598e-11 6.33967e-21 2.56232e-13
7.935e-11 6.33812e-21 2.56016e-13
7.93566e-11 6.33912e-21 2.55698e-13
7.93433e-11 6.33705e-21 2.55645e-13
7.93214e-11 6.33382e-21 2.56182e-13
7.93313e-11 6.33539e-21 2.55974e-13
7.93235e-11 6.33413e-21 2.55692e-13
7.93105e-11 6.3321e-21 2.55628e-13
7.93105e-11 6.33205e-21 2.55231e-13
7.93112e-11 6.33208e-21 2.54836e-13
7.93078e-11 6.3315e-21 2.54463e-13
7.92939e-11 6.32934e-21 2.54453e-13
7.93085e-11 6.33173e-21 2.54479e-13
7.93024e-11 6.33073e-21 2.54158e-13
7.93015e-11 6.33052e-21 2.53769e-13
7.92945e-11 6.32938e-21 2.53475e-13
7.92991e-11 6.33006e-21 2.53128e-13
7.93069e-11 6.33127e-21 2.52859e-13
7.92911e-11 6.32887e-21 2.52962e-13
7.92904e-11 6.32869e-21 2.52577e-13
7.92808e-11 6.32717e-21 2.52374e-13
7.928e-11 6.32698e-21 2.51991e-13
7.92709e-11 6.32552e-21 2.51775e-13
7.92697e-11 6.32526e-21 2.51395e-13
7.92718e-11 6.32554e-21 2.51023e-13
7.92702e-11 6.32523e-21 2.50648e-13
7.92588e-11 6.32344e-21 2.50529e-13
7.92578e-11 6.32323e-21 2.50153e-13
7.9249e-11 6.32183e-21 2.49931e-13
7.92475e-11 6.32153e-21 2.49559e-13
7.92579e-11 6.32317e-21 2.49398e-13
7.92454e-11 6.32124e-21 2.49333e-13
7.92391e-11 6.3202e-21 2.49041e-13
7.92262e-11 6.3182e-21 2.49002e-13
7.9223e-11 6.31764e-21 2.48651e-13
7.92259e-11 6.31804e-21 2.48297e-13
7.92316e-11 6.31892e-21 2.47994e-13
7.92272e-11 6.31817e-21 2.47666e-13
7.92424e-11 6.32067e-21 2.47765e-13
7.92462e-11 6.32123e-21 2.47427e-13
7.92444e-11 6.32088e-21 2.47068e-13
7.92388e-11 6.31995e-21 2.46766e-13
7.92326e-11 6.31894e-21 2.4648e-13
7.92216e-11 6.31722e-21 2.46361e-13
7.92061e-11 6.31486e-21 2.46488e-13
7.92089e-11 6.31525e-21 2.46142e-13
7.91981e-11 6.31356e-21 2.46018e-13
7.91907e-11 6.31237e-21 2.45768e-13
7.91917e-11 6.31247e-21 2.4541e-13
7.92086e-11 6.31526e-21 2.45629e-13
7.92155e-11 6.31634e-21 2.4537e-13
7.92138e-11 6.316e-21 2.45019e-13
7.92183e-11 6.31668e-21 2.44705e-13
7.92151e-11 6.31611e-21 2.44371e-13
7.92206e-11 6.31695e-21 2.44079e-13
7.92121e-11 6.3156e-21 2.43872e-13
7.92065e-11 6.31467e-21 2.43584e-13
7.92218e-11 6.3172e-21 2.43713e-13
7.92194e-11 6.31676e-21 2.43373e-13
7.92081e-11 6.315e-21 2.43288e-13
7.92181e-11 6.3166e-21 2.43144e-13
7.92287e-11 6.3183e-21 2.43027e-13
7.92542e-11 6.32273e-21 2.44012e-13
7.92557e-11 6.3229e-21 2.43667e-13
7.92451e-11 6.32124e-21 2.43548e-13
7.9255e-11 6.32283e-21 2.43404e-13
7.92487e-11 6.32179e-21 2.4314e-13
7.92503e-11 6.322e-21 2.428e-13
7.92555e-11 6.32278e-21 2.4251e-13
7.92692e-11 6.32502e-21 2.42553e-13
7.92677e-11 6.32473e-21 2.42214e-13
7.92633e-11 6.32399e-21 2.41911e-13
7.92629e-11 6.32386e-21 2.41569e-13
7.92357e-11 6.32002e-21 2.42751e-13
7.92419e-11 6.32097e-21 2.42486e-13
7.92408e-11 6.32073e-21 2.42148e-13
7.92428e-11 6.321e-21 2.41816e-13
7.92411e-11 6.32068e-21 2.41483e-13
7.9236e-11 6.31983e-21 2.41198e-13
7.92496e-11 6.32205e-21 2.41243e-13
7.9258e-11 6.32337e-21 2.41051e-13
7.92628e-11 6.32409e-21 2.40763e-13
7.92565e-11 6.32307e-21 2.40509e-13
7.9248e-11 6.32171e-21 2.40325e-13
7.92419e-11 6.32072e-21 2.40067e-13
7.92391e-11 6.32022e-21 2.39751e-13
7.92569e-11 6.32321e-21 2.40075e-13
7.92395e-11 6.32062e-21 2.40368e-13
7.9241e-11 6.32079e-21 2.4004e-13
7.92451e-11 6.3214e-21 2.39745e-13
7.92421e-11 6.32088e-21 2.39433e-13
7.92454e-11 6.32135e-21 2.39126e-13
7.92469e-11 6.32153e-21 2.38802e-13
7.92392e-11 6.32029e-21 2.38599e-13
7.92394e-11 6.32027e-21 2.38272e-13
7.92369e-11 6.31982e-21 2.37958e-13
7.92363e-11 6.31967e-21 2.37634e-13
7.92424e-11 6.3206e-21 2.37387e-13
7.92332e-11 6.31915e-21 2.37241e-13
7.92315e-11 6.31884e-21 2.36924e-13
7.92313e-11 6.31874e-21 2.36602e-13
7.92073e-11 6.31531e-21 2.37494e-13
7.92053e-11 6.31495e-21 2.3718e-13
7.91922e-11 6.31294e-21 2.37221e-13
7.91792e-11 6.31095e-21 2.37258e-13
7.9176e-11 6.3104e-21 2.36959e-13
7.91865e-11 6.31208e-21 2.36871e-13
7.92017e-11 6.3146e-21 2.37039e-13
7.92163e-11 6.31701e-21 2.37167e-13
7.92222e-11 6.31793e-21 2.36924e-13
7.92186e-11 6.31731e-21 2.36634e-13
7.92147e-11 6.31664e-21 2.3635e-13
7.92083e-11 6.3156e-21 2.36121e-13
7.91949e-11 6.31355e-21 2.36186e-13
7.91867e-11 6.31226e-21 2.3601e-13
7.91862e-11 6.31212e-21 2.35697e-13
7.919e-11 6.31267e-21 2.35413e-13
7.91852e-11 6.31188e-21 2.35147e-13
7.91818e-11 6.3113e-21 2.3486e-13
7.91778e-11 6.31062e-21 2.34583e-13
7.91832e-11 6.31144e-21 2.34335e-13
7.9175e-11 6.31014e-21 2.34169e-13
7.91792e-11 6.31075e-21 2.33897e-13
7.91871e-11 6.312e-21 2.33723e-13
7.91975e-11 6.31368e-21 2.33648e-13
7.91916e-11 6.31271e-21 2.33416e-13
7.91843e-11 6.31155e-21 2.33223e-13
7.91898e-11 6.31239e-21 2.32982e-13
7.91823e-11 6.31119e-21 2.32798e-13
7.91828e-11 6.31122e-21 2.32494e-13
7.91737e-11 6.30978e-21 2.3237e-13
7.91682e-11 6.30888e-21 2.32132e-13
7.91781e-11 6.31048e-21 2.32042e-13
7.91798e-11 6.31068e-21 2.31746e-13
7.91656e-11 6.30854e-21 2.31876e-13
7.9173e-11 6.3097e-21 2.31691e-13
7.91807e-11 6.31091e-21 2.31519e-13
7.9185e-11 6.31155e-21 2.31259e-13
7.91937e-11 6.31293e-21 2.31125e-13
7.91911e-11 6.31247e-21 2.30842e-13
7.92019e-11 6.31421e-21 2.30796e-13
7.91895e-11 6.31232e-21 2.3083e-13
7.91956e-11 6.31327e-21 2.30616e-13
7.91936e-11 6.3129e-21 2.30328e-13
7.91992e-11 6.31377e-21 2.30102e-13
7.91958e-11 6.31318e-21 2.29833e-13
7.91906e-11 6.31232e-21 2.29599e-13
7.91903e-11 6.31222e-21 2.29306e-13
7.91821e-11 6.31092e-21 2.29159e-13
7.91818e-11 6.31082e-21 2.28867e-13
7.91774e-11 6.31009e-21 2.28618e-13
7.91718e-11 6.30917e-21 2.28396e-13
7.91768e-11 6.30994e-21 2.28161e-13
7.91695e-11 6.30876e-21 2.2799e-13
7.91558e-11 6.30669e-21 2.28112e-13
7.91482e-11 6.30549e-21 2.27949e-13
7.91473e-11 6.30529e-21 2.27663e-13
7.91656e-11 6.3084e-21 2.28113e-13
7.91678e-11 6.3087e-21 2.27836e-13
7.91644e-11 6.30813e-21 2.27574e-13
7.91794e-11 6.31063e-21 2.27783e-13
7.91769e-11 6.31018e-21 2.27511e-13
7.918e-11 6.31062e-21 2.27246e-13
7.91677e-11 6.30875e-21 2.27293e-13
7.91644e-11 6.30819e-21 2.27032e-13
7.91507e-11 6.30611e-21 2.27167e-13
7.91558e-11 6.3069e-21 2.26942e-13
7.91588e-11 6.30732e-21 2.26679e-13
7.91525e-11 6.30631e-21 2.26484e-13
7.91585e-11 6.30723e-21 2.26281e-13
7.91647e-11 6.3082e-21 2.26086e-13
7.91558e-11 6.3068e-21 2.25981e-13
7.91574e-11 6.30701e-21 2.25707e-13
7.91807e-11 6.31109e-21 2.26628e-13
7.91855e-11 6.3118e-21 2.26398e-13
7.91873e-11 6.31204e-21 2.26125e-13
7.91849e-11 6.31162e-21 2.25859e-13
7.91785e-11 6.31058e-21 2.25673e-13
7.91726e-11 6.30963e-21 2.25472e-13
7.91641e-11 6.30829e-21 2.25356e-13
7.91579e-11 6.3073e-21 2.25163e-13
7.91598e-11 6.30754e-21 2.24895e-13
7.9147e-11 6.3056e-21 2.24984e-13
7.91349e-11 6.30376e-21 2.25033e-13
7.91395e-11 6.30445e-21 2.24806e-13
7.91499e-11 6.30613e-21 2.2477e-13
7.9143e-11 6.30503e-21 2.246e-13
7.91313e-11 6.30324e-21 2.24636e-13
7.91378e-11 6.30425e-21 2.24457e-13
7.91427e-11 6.305e-21 2.24239e-13
7.91426e-11 6.30494e-21 2.23968e-13
7.91433e-11 6.305e-21 2.23698e-13
7.91437e-11 6.30501e-21 2.23428e-13
7.91515e-11 6.30625e-21 2.23295e-13
7.91512e-11 6.30614e-21 2.23026e-13
7.9148e-11 6.30561e-21 2.22779e-13
7.91477e-11 6.30551e-21 2.22512e-13
7.91484e-11 6.30557e-21 2.22245e-13
7.9149e-11 6.30561e-21 2.21979e-13
7.91432e-11 6.30467e-21 2.21788e-13
7.91564e-11 6.30685e-21 2.21913e-13
7.91543e-11 6.30648e-21 2.21657e-13
7.91598e-11 6.30732e-21 2.21459e-13
7.91483e-11 6.30557e-21 2.21492e-13
7.91478e-11 6.30543e-21 2.21229e-13
7.91418e-11 6.30447e-21 2.21046e-13
7.91397e-11 6.30408e-21 2.20794e-13
7.91396e-11 6.30403e-21 2.20531e-13
7.91367e-11 6.30353e-21 2.20289e-13
7.91448e-11 6.30481e-21 2.20175e-13
7.915e-11 6.30561e-21 2.19977e-13
7.9148e-11 6.30525e-21 2.19726e-13
7.91591e-11 6.30706e-21 2.19744e-13
7.91529e-11 6.30606e-21 2.19572e-13
7.91428e-11 6.30451e-21 2.19544e-13
7.91548e-11 6.30647e-21 2.19611e-13
7.91466e-11 6.30519e-21 2.19504e-13
7.91463e-11 6.3051e-21 2.19247e-13
7.91384e-11 6.30384e-21 2.19135e-13
7.91299e-11 6.30251e-21 2.19044e-13
7.91395e-11 6.30407e-21 2.19e-13
7.91398e-11 6.30406e-21 2.18745e-13
7.91387e-11 6.30384e-21 2.18492e-13
7.91299e-11 6.30248e-21 2.18412e-13
7.91105e-11 6.29968e-21 2.19025e-13
7.91116e-11 6.2998e-21 2.18773e-13
7.91116e-11 6.29976e-21 2.18519e-13
7.91101e-11 6.29948e-21 2.18271e-13
7.9118e-11 6.30074e-21 2.18162e-13
7.91076e-11 6.29913e-21 2.18159e-13
7.91027e-11 6.29834e-21 2.17961e-13
7.91132e-11 6.30005e-21 2.17963e-13
7.91133e-11 6.30001e-21 2.17712e-13
7.91024e-11 6.29834e-21 2.17737e-13
7.91072e-11 6.29908e-21 2.17541e-13
7.91135e-11 6.30005e-21 2.17381e-13
7.91112e-11 6.29966e-21 2.17143e-13
7.91117e-11 6.29968e-21 2.16894e-13
7.9115e-11 6.30018e-21 2.16672e-13
7.91134e-11 6.29987e-21 2.1643e-13
7.91145e-11 6.29999e-21 2.16186e-13
7.91212e-11 6.30106e-21 2.16045e-13
7.91199e-11 6.30081e-21 2.15802e-13
7.9127e-11 6.30193e-21 2.15673e-13
7.91236e-11 6.30134e-21 2.15456e-13
7.91205e-11 6.30082e-21 2.15233e-13
7.912e-11 6.3007e-21 2.14989e-13
7.91209e-11 6.30079e-21 2.14748e-13
7.91177e-11 6.30025e-21 2.14529e-13
7.91161e-11 6.29996e-21 2.14292e-13
7.91213e-11 6.30075e-21 2.14112e-13
7.91202e-11 6.30054e-21 2.13873e-13
7.91187e-11 6.30025e-21 2.13638e-13
7.9113e-11 6.29933e-21 2.13474e-13
7.91242e-11 6.30118e-21 2.13532e-13
7.91199e-11 6.30046e-21 2.13338e-13
7.91145e-11 6.29959e-21 2.13166e-13
7.91149e-11 6.29961e-21 2.12928e-13
7.91056e-11 6.29817e-21 2.12894e-13
7.91058e-11 6.29816e-21 2.12657e-13
7.90947e-11 6.29647e-21 2.1271e-13
7.90956e-11 6.29657e-21 2.12475e-13
7.9108e-11 6.29862e-21 2.126e-13
7.91177e-11 6.30019e-21 2.12583e-13
7.91199e-11 6.3005e-21 2.12359e-13
7.91176e-11 6.3001e-21 2.12135e-13
7.91133e-11 6.29938e-21 2.11945e-13
7.91224e-11 6.30085e-21 2.11907e-13
7.91091e-11 6.29887e-21 2.12086e-13
7.91045e-11 6.29811e-21 2.11902e-13
7.91145e-11 6.29974e-21 2.11903e-13
7.91117e-11 6.29926e-21 2.11687e-13
7.90962e-11 6.29699e-21 2.12018e-13
7.91165e-11 6.30051e-21 2.12747e-13
7.9113e-11 6.29993e-21 2.1254e-13
7.91163e-11 6.30042e-21 2.12333e-13
7.91142e-11 6.30004e-21 2.12111e-13
7.9112e-11 6.29966e-21 2.11889e-13
7.90967e-11 6.2974e-21 2.12214e-13
7.9091e-11 6.29649e-21 2.12057e-13
7.91019e-11 6.29827e-21 2.12105e-13
7.91001e-11 6.29794e-21 2.11881e-13
7.91063e-11 6.29891e-21 2.11741e-13
7.90936e-11 6.29701e-21 2.1189e-13
7.91083e-11 6.2995e-21 2.12172e-13
7.91123e-11 6.30009e-21 2.11979e-13
7.91139e-11 6.30031e-21 2.11755e-13
7.91108e-11 6.29978e-21 2.11549e-13
7.91131e-11 6.3001e-21 2.11332e-13
7.91112e-11 6.29976e-21 2.11112e-13
7.91021e-11 6.29835e-21 2.11081e-13
7.90926e-11 6.29689e-21 2.11067e-13
7.91013e-11 6.2983e-21 2.11022e-13
7.91102e-11 6.29972e-21 2.10979e-13
7.91069e-11 6.29918e-21 2.10777e-13
7.91135e-11 6.30021e-21 2.10653e-13
7.9122e-11 6.30158e-21 2.10598e-13
7.91408e-11 6.30483e-21 2.11208e-13
7.91517e-11 6.30664e-21 2.11268e-13
7.91552e-11 6.30715e-21 2.1107e-13
7.91591e-11 6.30775e-21 2.10881e-13
7.91606e-11 6.30793e-21 2.10661e-13
7.91569e-11 6.30732e-21 2.10468e-13
7.91514e-11 6.30643e-21 2.10317e-13
7.91601e-11 6.30783e-21 2.10273e-13
7.91709e-11 6.30961e-21 2.10328e-13
7.91616e-11 6.30818e-21 2.10311e-13
7.91574e-11 6.30748e-21 2.1013e-13
7.91613e-11 6.30807e-21 2.09943e-13
7.91745e-11 6.31029e-21 2.10141e-13
7.91677e-11 6.30921e-21 2.10031e-13
7.91666e-11 6.30899e-21 2.09812e-13
7.91639e-11 6.30854e-21 2.09607e-13
7.91705e-11 6.30957e-21 2.09489e-13
7.91667e-11 6.30894e-21 2.09302e-13
7.91793e-11 6.31105e-21 2.09463e-13
7.91731e-11 6.31005e-21 2.09336e-13
7.91823e-11 6.31155e-21 2.09319e-13
7.91967e-11 6.31399e-21 2.09597e-13
7.91962e-11 6.31386e-21 2.09378e-13
7.91973e-11 6.31399e-21 2.09161e-13
7.92013e-11 6.31459e-21 2.08981e-13
7.91926e-11 6.31325e-21 2.08942e-13
7.91988e-11 6.31423e-21 2.08817e-13
7.92032e-11 6.31489e-21 2.08645e-13
7.92083e-11 6.31569e-21 2.08491e-13
7.92047e-11 6.31508e-21 2.08306e-13
7.92033e-11 6.31481e-21 2.08095e-13
7.92076e-11 6.31547e-21 2.07924e-13
7.92028e-11 6.31469e-21 2.07764e-13
7.92107e-11 6.31597e-21 2.07703e-13
7.92132e-11 6.31633e-21 2.07502e-13
7.921e-11 6.31578e-21 2.07314e-13
7.92022e-11 6.31457e-21 2.07244e-13
7.92117e-11 6.31611e-21 2.07247e-13
7.92209e-11 6.31761e-21 2.07239e-13
7.92198e-11 6.31739e-21 2.07029e-13
7.9227e-11 6.31854e-21 2.06941e-13
7.9229e-11 6.31883e-21 2.06738e-13
7.92277e-11 6.31857e-21 2.06531e-13
7.92222e-11 6.3177e-21 2.06391e-13
7.92304e-11 6.31901e-21 2.06341e-13
7.92357e-11 6.31984e-21 2.06199e-13
7.92294e-11 6.31884e-21 2.06085e-13
7.9242e-11 6.32095e-21 2.06259e-13
7.92332e-11 6.31958e-21 2.06238e-13
7.92392e-11 6.32052e-21 2.06114e-13
7.92372e-11 6.32017e-21 2.05914e-13
7.92475e-11 6.32186e-21 2.05962e-13
7.92457e-11 6.32154e-21 2.05761e-13
7.92454e-11 6.32145e-21 2.05552e-13
7.9248e-11 6.32182e-21 2.0536e-13
7.92411e-11 6.32074e-21 2.05267e-13
7.92384e-11 6.32028e-21 2.05077e-13
7.92333e-11 6.31946e-21 2.04933e-13
7.92306e-11 6.319e-21 2.04744e-13
7.92227e-11 6.31776e-21 2.04691e-13
7.92163e-11 6.31674e-21 2.04585e-13
7.92163e-11 6.31671e-21 2.04379e-13
7.92089e-11 6.31554e-21 2.04309e-13
7.92033e-11 6.31465e-21 2.04179e-13
7.92005e-11 6.31417e-21 2.03994e-13
7.9205e-11 6.31486e-21 2.03838e-13
7.92115e-11 6.31589e-21 2.03738e-13
7.92126e-11 6.31602e-21 2.03537e-13
