2.75943e-10 7.61448e-20 0
2.70705e-10 7.33088e-20 5.23818e-12
2.62256e-10 6.89392e-20 8.97431e-12
2.68415e-10 7.22813e-20 8.84339e-12
2.68216e-10 7.21278e-20 6.85295e-12
2.6333e-10 6.96184e-20 7.42889e-12
2.66192e-10 7.11437e-20 6.90015e-12
2.69809e-10 7.31387e-20 6.98548e-12
2.72498e-10 7.46164e-20 6.7216e-12
2.68782e-10 7.26932e-20 7.06773e-12
2.68943e-10 7.27393e-20 6.39504e-12
2.66533e-10 7.14787e-20 6.31563e-12
2.63776e-10 7.00741e-20 6.43059e-12
2.63634e-10 6.99641e-20 5.95526e-12
2.65466e-10 7.09496e-20 5.83887e-12
2.65305e-10 7.08347e-20 5.46413e-12
2.6723e-10 7.18926e-20 5.48166e-12
2.69054e-10 7.29009e-20 5.48073e-12
2.69494e-10 7.31142e-20 5.20286e-12
2.68807e-10 7.2729e-20 4.98345e-12
2.67712e-10 7.21431e-20 4.865e-12
2.65478e-10 7.10353e-20 5.14846e-12
2.66517e-10 7.15876e-20 5.02805e-12
2.66186e-10 7.13908e-20 4.82534e-12
2.66009e-10 7.12754e-20 4.63172e-12
2.66091e-10 7.12997e-20 4.45078e-12
2.68989e-10 7.30501e-20 5.17092e-12
2.72113e-10 7.49794e-20 5.88133e-12
2.72801e-10 7.53351e-20 5.7164e-12
2.72093e-10 7.49336e-20 5.5677e-12
2.71724e-10 7.4708e-20 5.39773e-12
2.71668e-10 7.46503e-20 5.22663e-12
2.72497e-10 7.5098e-20 5.13322e-12
2.75297e-10 7.68659e-20 5.71323e-12
2.74631e-10 7.64835e-20 5.58754e-12
2.73707e-10 7.59775e-20 5.50807e-12
2.73856e-10 7.60311e-20 5.3592e-12
2.73871e-10 7.6012e-20 5.21629e-12
2.74271e-10 7.62116e-20 5.09651e-12
2.75602e-10 7.69879e-20 5.14269e-12
2.75509e-10 7.69116e-20 5.01656e-12
2.75043e-10 7.664e-20 4.91779e-12
2.75212e-10 7.67111e-20 4.80503e-12
2.75483e-10 7.68418e-20 4.70241e-12
2.76633e-10 7.75136e-20 4.7383e-12
2.76788e-10 7.75792e-20 4.63675e-12
2.76518e-10 7.74123e-20 4.54508e-12
2.76544e-10 7.74073e-20 4.44946e-12
2.75851e-10 7.70286e-20 4.41247e-12
2.76958e-10 7.76818e-20 4.46278e-12
2.75804e-10 7.70914e-20 4.52402e-12
2.76459e-10 7.74553e-20 4.48424e-12
2.75547e-10 7.69754e-20 4.49249e-12
2.75375e-10 7.68628e-20 4.41187e-12
2.75759e-10 7.70637e-20 4.34792e-12
2.7553e-10 7.69225e-20 4.27567e-12
2.75052e-10 7.66541e-20 4.2272e-12
2.74518e-10 7.63599e-20 4.18777e-12
2.75225e-10 7.67605e-20 4.17642e-12
2.75999e-10 7.72054e-20 4.17846e-12
2.76147e-10 7.72717e-20 4.11207e-12
2.74973e-10 7.66926e-20 4.21199e-12
2.74998e-10 7.66887e-20 4.14467e-12
2.75525e-10 7.698e-20 4.11336e-12
2.75141e-10 7.67614e-20 4.06779e-12
2.74507e-10 7.64234e-20 4.05542e-12
2.73375e-10 7.58716e-20 4.15183e-12
2.7377e-10 7.60815e-20 4.10934e-12
2.74175e-10 7.62979e-20 4.06951e-12
2.74513e-10 7.64754e-20 4.02521e-12
2.7462e-10 7.65194e-20 3.96956e-12
2.74167e-10 7.62698e-20 3.94023e-12
2.73682e-10 7.60061e-20 3.91597e-12
2.73143e-10 7.57177e-20 3.9001e-12
2.73267e-10 7.57718e-20 3.84975e-12
2.72917e-10 7.55753e-20 3.81486e-12
2.72176e-10 7.51988e-20 3.83727e-12
2.72683e-10 7.54805e-20 3.82153e-12
2.72409e-10 7.53228e-20 3.78277e-12
2.71818e-10 7.50146e-20 3.78171e-12
2.7139e-10 7.47828e-20 3.75917e-12
2.71149e-10 7.46431e-20 3.72084e-12
2.70856e-10 7.44779e-20 3.6874e-12
2.7142e-10 7.47967e-20 3.6866e-12
2.71848e-10 7.50312e-20 3.66801e-12
2.71192e-10 7.46986e-20 3.68394e-12
2.70718e-10 7.44481e-20 3.67198e-12
2.70662e-10 7.44044e-20 3.63046e-12
2.71048e-10 7.46142e-20 3.61023e-12
2.7109e-10 7.46242e-20 3.57013e-12
2.71161e-10 7.46504e-20 3.53138e-12
2.7068e-10 7.43986e-20 3.52574e-12
2.70829e-10 7.44696e-20 3.49083e-12
2.70503e-10 7.42909e-20 3.46888e-12
2.70271e-10 7.41589e-20 3.43998e-12
2.69865e-10 7.39438e-20 3.42806e-12
2.70938e-10 7.46225e-20 3.55795e-12
2.71322e-10 7.48329e-20 3.54238e-12
2.71283e-10 7.47995e-20 3.50664e-12
2.71182e-10 7.47336e-20 3.47287e-12
2.70674e-10 7.44722e-20 3.47565e-12
2.70567e-10 7.44038e-20 3.44306e-12
2.70024e-10 7.41286e-20 3.45247e-12
2.70444e-10 7.43626e-20 3.4449e-12
2.70478e-10 7.43693e-20 3.4121e-12
2.70478e-10 7.43576e-20 3.37976e-12
2.70944e-10 7.4622e-20 3.38037e-12
2.70886e-10 7.45797e-20 3.34943e-12
2.70961e-10 7.46098e-20 3.3194e-12
2.71191e-10 7.47293e-20 3.29709e-12
2.71389e-10 7.48304e-20 3.27326e-12
2.71418e-10 7.48357e-20 3.24403e-12
2.71653e-10 7.49591e-20 3.22376e-12
2.71649e-10 7.49471e-20 3.19536e-12
2.71285e-10 7.47544e-20 3.18835e-12
2.70966e-10 7.45832e-20 3.17678e-12
2.70797e-10 7.44851e-20 3.15404e-12
2.70413e-10 7.42845e-20 3.15073e-12
2.70104e-10 7.41192e-20 3.13936e-12
2.70502e-10 7.43434e-20 3.13841e-12
2.70378e-10 7.42684e-20 3.11484e-12
2.69889e-10 7.40236e-20 3.12766e-12
2.69595e-10 7.38659e-20 3.11605e-12
2.69513e-10 7.3813e-20 3.0919e-12
2.69088e-10 7.35974e-20 3.09628e-12
2.69855e-10 7.40746e-20 3.16584e-12
2.69702e-10 7.39851e-20 3.14454e-12
2.69613e-10 7.39281e-20 3.12116e-12
2.6958e-10 7.3901e-20 3.09704e-12
2.69401e-10 7.37992e-20 3.07833e-12
2.69272e-10 7.37228e-20 3.05744e-12
2.69442e-10 7.38088e-20 3.03893e-12
2.70528e-10 7.45415e-20 3.20544e-12
2.70423e-10 7.44762e-20 3.18315e-12
2.70595e-10 7.45631e-20 3.16415e-12
2.70317e-10 7.44132e-20 3.15309e-12
2.69978e-10 7.42362e-20 3.14822e-12
2.69688e-10 7.40812e-20 3.1388e-12
2.69722e-10 7.40902e-20 3.11632e-12
2.69785e-10 7.41149e-20 3.09461e-12
2.69637e-10 7.40289e-20 3.07613e-12
2.69659e-10 7.40316e-20 3.05448e-12
2.69285e-10 7.38404e-20 3.05608e-12
2.68945e-10 7.36647e-20 3.05378e-12
2.68688e-10 7.35273e-20 3.04344e-12
2.68743e-10 7.35478e-20 3.02302e-12
2.68603e-10 7.34667e-20 3.00561e-12
2.68423e-10 7.33657e-20 2.99068e-12
2.68038e-10 7.31724e-20 2.99534e-12
2.68083e-10 7.31879e-20 2.97565e-12
2.68358e-10 7.33381e-20 2.96865e-12
2.68363e-10 7.33317e-20 2.94906e-12
2.6798e-10 7.314e-20 2.95464e-12
2.67863e-10 7.30711e-20 2.9377e-12
2.67932e-10 7.31003e-20 2.91951e-12
2.67948e-10 7.31002e-20 2.90077e-12
2.67898e-10 7.30656e-20 2.88267e-12
2.6834e-10 7.33253e-20 2.89832e-12
2.68441e-10 7.33728e-20 2.8818e-12
2.68251e-10 7.32681e-20 2.87006e-12
2.68273e-10 7.32719e-20 2.85227e-12
2.6859e-10 7.34504e-20 2.85232e-12
2.6855e-10 7.34214e-20 2.83504e-12
2.68454e-10 7.33631e-20 2.81936e-12
2.68317e-10 7.3285e-20 2.80554e-12
2.68144e-10 7.31892e-20 2.79398e-12
2.68015e-10 7.31151e-20 2.78019e-12
2.67743e-10 7.2974e-20 2.77697e-12
2.6788e-10 7.30428e-20 2.76389e-12
2.67623e-10 7.2909e-20 2.75954e-12
2.67508e-10 7.28422e-20 2.74576e-12
2.67589e-10 7.28795e-20 2.73097e-12
2.67634e-10 7.28965e-20 2.71551e-12
2.67624e-10 7.28835e-20 2.69988e-12
2.67648e-10 7.28895e-20 2.68452e-12
2.67475e-10 7.2795e-20 2.67483e-12
2.67481e-10 7.27914e-20 2.65968e-12
2.67296e-10 7.26911e-20 2.65121e-12
2.67312e-10 7.26931e-20 2.63641e-12
2.67052e-10 7.25591e-20 2.63465e-12
2.67192e-10 7.26309e-20 2.62382e-12
2.67158e-10 7.26062e-20 2.60958e-12
2.67024e-10 7.25311e-20 2.59874e-12
2.66983e-10 7.25024e-20 2.58492e-12
2.66914e-10 7.24603e-20 2.57181e-12
2.6666e-10 7.23302e-20 2.57052e-12
2.66705e-10 7.23481e-20 2.55714e-12
2.66688e-10 7.23325e-20 2.54356e-12
2.6681e-10 7.2394e-20 2.53301e-12
2.66883e-10 7.24272e-20 2.52067e-12
2.66789e-10 7.23727e-20 2.50917e-12
2.66722e-10 7.23315e-20 2.49697e-12
2.66785e-10 7.23598e-20 2.4848e-12
2.66758e-10 7.23391e-20 2.47212e-12
2.66611e-10 7.22591e-20 2.46376e-12
2.66738e-10 7.23238e-20 2.45443e-12
2.66742e-10 7.23203e-20 2.44194e-12
2.66781e-10 7.2335e-20 2.42988e-12
2.66927e-10 7.24116e-20 2.42207e-12
2.67013e-10 7.2453e-20 2.41145e-12
2.67279e-10 7.26034e-20 2.41411e-12
2.67135e-10 7.25251e-20 2.40641e-12
2.66968e-10 7.2436e-20 2.40032e-12
2.66782e-10 7.23378e-20 2.39578e-12
2.66857e-10 7.23733e-20 2.38525e-12
2.66781e-10 7.23284e-20 2.37485e-12
2.66513e-10 7.21946e-20 2.37852e-12
2.66913e-10 7.24351e-20 2.40053e-12
2.66682e-10 7.23175e-20 2.40011e-12
2.66684e-10 7.23131e-20 2.38865e-12
2.66823e-10 7.23856e-20 2.38136e-12
2.66879e-10 7.24105e-20 2.37076e-12
2.67264e-10 7.26416e-20 2.39072e-12
2.67128e-10 7.25675e-20 2.38336e-12
2.66989e-10 7.24915e-20 2.37635e-12
2.66996e-10 7.24898e-20 2.36534e-12
2.67275e-10 7.26498e-20 2.37083e-12
2.67093e-10 7.25545e-20 2.36688e-12
2.67004e-10 7.25028e-20 2.35775e-12
2.66967e-10 7.2478e-20 2.3473e-12
2.67204e-10 7.26114e-20 2.34863e-12
2.67263e-10 7.26382e-20 2.33876e-12
2.67164e-10 7.2582e-20 2.33036e-12
2.67143e-10 7.25659e-20 2.32002e-12
2.67118e-10 7.25473e-20 2.30982e-12
2.67081e-10 7.25225e-20 2.29988e-12
2.67123e-10 7.25398e-20 2.2901e-12
2.67248e-10 7.26052e-20 2.28348e-12
2.67333e-10 7.26468e-20 2.27506e-12
2.67238e-10 7.25934e-20 2.26711e-12
2.66976e-10 7.24638e-20 2.2725e-12
2.67e-10 7.24719e-20 2.26281e-12
2.67167e-10 7.25623e-20 2.25924e-12
2.67068e-10 7.25068e-20 2.25173e-12
2.67082e-10 7.25093e-20 2.24217e-12
2.67397e-10 7.26959e-20 2.25476e-12
2.67429e-10 7.27082e-20 2.24545e-12
2.67466e-10 7.27231e-20 2.2363e-12
2.67684e-10 7.28466e-20 2.23764e-12
2.67594e-10 7.27953e-20 2.23012e-12
2.67611e-10 7.27995e-20 2.22091e-12
2.67351e-10 7.26719e-20 2.22692e-12
2.67187e-10 7.25859e-20 2.22378e-12
2.6725e-10 7.26155e-20 2.21554e-12
2.67216e-10 7.25924e-20 2.20675e-12
2.67726e-10 7.29247e-20 2.25632e-12
2.67818e-10 7.2971e-20 2.24904e-12
2.67717e-10 7.29143e-20 2.24224e-12
2.67606e-10 7.28529e-20 2.23598e-12
2.67666e-10 7.28811e-20 2.22783e-12
2.67506e-10 7.2797e-20 2.2247e-12
2.67649e-10 7.28734e-20 2.22043e-12
2.67838e-10 7.29786e-20 2.21967e-12
2.6771e-10 7.29097e-20 2.21457e-12
2.67727e-10 7.29139e-20 2.20593e-12
2.67734e-10 7.29129e-20 2.19731e-12
2.67569e-10 7.28266e-20 2.19498e-12
2.67543e-10 7.28081e-20 2.18661e-12
2.67683e-10 7.28833e-20 2.18265e-12
2.67659e-10 7.2866e-20 2.17437e-12
2.67638e-10 7.28502e-20 2.16612e-12
2.6767e-10 7.28628e-20 2.15807e-12
2.67704e-10 7.28765e-20 2.15011e-12
2.67595e-10 7.28171e-20 2.14469e-12
2.67658e-10 7.2847e-20 2.1375e-12
2.67609e-10 7.2817e-20 2.13e-12
2.67532e-10 7.27729e-20 2.12341e-12
2.67469e-10 7.27354e-20 2.11643e-12
2.67346e-10 7.26694e-20 2.11212e-12
2.67321e-10 7.2652e-20 2.10442e-12
2.67346e-10 7.26608e-20 2.09678e-12
2.67299e-10 7.26318e-20 2.08959e-12
2.67164e-10 7.25604e-20 2.08628e-12
2.67351e-10 7.26659e-20 2.08708e-12
2.6742e-10 7.26997e-20 2.08062e-12
2.67349e-10 7.26586e-20 2.0743e-12
2.67424e-10 7.2696e-20 2.06816e-12
2.67403e-10 7.26806e-20 2.06082e-12
2.67488e-10 7.27242e-20 2.0552e-12
2.6746e-10 7.27052e-20 2.04804e-12
2.67367e-10 7.26537e-20 2.04286e-12
2.67296e-10 7.26128e-20 2.03686e-12
2.67449e-10 7.26973e-20 2.03543e-12
2.67445e-10 7.2691e-20 2.02826e-12
2.6734e-10 7.26339e-20 2.02385e-12
2.67441e-10 7.26868e-20 2.01929e-12
2.6739e-10 7.26563e-20 2.01288e-12
2.67368e-10 7.26404e-20 2.00601e-12
2.67181e-10 7.25467e-20 2.00774e-12
2.67179e-10 7.25416e-20 2.0008e-12
2.67345e-10 7.26344e-20 2.00081e-12
2.6766e-10 7.28276e-20 2.01863e-12
2.67652e-10 7.28194e-20 2.01175e-12
2.67771e-10 7.28831e-20 2.00841e-12
2.67722e-10 7.28538e-20 2.00217e-12
2.67721e-10 7.28493e-20 1.9954e-12
2.67662e-10 7.28144e-20 1.98957e-12
2.67677e-10 7.28186e-20 1.98294e-12
2.6753e-10 7.27424e-20 1.98176e-12
2.67386e-10 7.26678e-20 1.98037e-12
2.67463e-10 7.2707e-20 1.97529e-12
2.67412e-10 7.26767e-20 1.9694e-12
2.67405e-10 7.26691e-20 1.9629e-12
2.67517e-10 7.27286e-20 1.95961e-12
2.67339e-10 7.26395e-20 1.96121e-12
2.67184e-10 7.25601e-20 1.96093e-12
2.6711e-10 7.25186e-20 1.95591e-12
2.67072e-10 7.24946e-20 1.94994e-12
2.66904e-10 7.24099e-20 1.95086e-12
2.66886e-10 7.23967e-20 1.94464e-12
2.66846e-10 7.23721e-20 1.93879e-12
2.66859e-10 7.23753e-20 1.93261e-12
2.6712e-10 7.25323e-20 1.94403e-12
2.67446e-10 7.27363e-20 1.96511e-12
2.67454e-10 7.27364e-20 1.95887e-12
2.67497e-10 7.27563e-20 1.95314e-12
2.67545e-10 7.27789e-20 1.94756e-12
2.67348e-10 7.26821e-20 1.9514e-12
2.67366e-10 7.26879e-20 1.94536e-12
2.67313e-10 7.26567e-20 1.93999e-12
2.67248e-10 7.26195e-20 1.93504e-12
2.67177e-10 7.25795e-20 1.93033e-12
2.67344e-10 7.26744e-20 1.93163e-12
2.67316e-10 7.26559e-20 1.92586e-12
2.67281e-10 7.26338e-20 1.92025e-12
2.67116e-10 7.25508e-20 1.92145e-12
2.67133e-10 7.25563e-20 1.91564e-12
2.67239e-10 7.26128e-20 1.91272e-12
2.67123e-10 7.25516e-20 1.91043e-12
2.67109e-10 7.2541e-20 1.90468e-12
2.67187e-10 7.25805e-20 1.90048e-12
2.67202e-10 7.25855e-20 1.89482e-12
2.67165e-10 7.25626e-20 1.88948e-12
2.67154e-10 7.25531e-20 1.88385e-12
2.67208e-10 7.25791e-20 1.87898e-12
2.67201e-10 7.25719e-20 1.87339e-12
2.67088e-10 7.25124e-20 1.87123e-12
2.67009e-10 7.24688e-20 1.86736e-12
2.67011e-10 7.24667e-20 1.86184e-12
2.6698e-10 7.24468e-20 1.85663e-12
2.66821e-10 7.23671e-20 1.85799e-12
2.66725e-10 7.23158e-20 1.85501e-12
2.66709e-10 7.23037e-20 1.84967e-12
2.66558e-10 7.22277e-20 1.85045e-12
2.66512e-10 7.22005e-20 1.84565e-12
2.66559e-10 7.22231e-20 1.84092e-12
2.66534e-10 7.22067e-20 1.83577e-12
2.66443e-10 7.21577e-20 1.83275e-12
2.66662e-10 7.22875e-20 1.84052e-12
2.66685e-10 7.22966e-20 1.8354e-12
2.66716e-10 7.23101e-20 1.83042e-12
2.66578e-10 7.224e-20 1.83041e-12
2.66701e-10 7.23071e-20 1.8293e-12
2.66669e-10 7.22873e-20 1.8244e-12
2.66596e-10 7.22468e-20 1.82073e-12
2.66682e-10 7.22924e-20 1.81767e-12
2.66602e-10 7.22484e-20 1.81436e-12
2.66549e-10 7.22181e-20 1.81005e-12
2.66548e-10 7.22144e-20 1.805e-12
2.6661e-10 7.22454e-20 1.80104e-12
2.66592e-10 7.22324e-20 1.79614e-12
2.66583e-10 7.22248e-20 1.79119e-12
2.66657e-10 7.22632e-20 1.78779e-12
2.66636e-10 7.22487e-20 1.783e-12
2.66681e-10 7.22702e-20 1.77868e-12
2.66823e-10 7.23501e-20 1.77948e-12
2.66748e-10 7.23091e-20 1.7762e-12
2.66768e-10 7.23168e-20 1.77148e-12
2.66764e-10 7.23114e-20 1.76668e-12
2.66712e-10 7.22816e-20 1.76266e-12
2.66572e-10 7.22113e-20 1.76343e-12
2.66593e-10 7.22194e-20 1.75881e-12
2.66613e-10 7.22272e-20 1.7542e-12
2.66587e-10 7.22105e-20 1.7497e-12
2.66659e-10 7.22481e-20 1.74653e-12
2.66668e-10 7.22498e-20 1.7419e-12
2.66754e-10 7.22953e-20 1.7394e-12
2.66761e-10 7.2296e-20 1.7348e-12
2.66756e-10 7.22903e-20 1.73023e-12
2.66883e-10 7.23613e-20 1.73035e-12
2.66907e-10 7.23716e-20 1.72598e-12
2.66752e-10 7.22949e-20 1.72845e-12
2.6689e-10 7.2373e-20 1.72947e-12
2.66849e-10 7.23488e-20 1.72545e-12
2.66741e-10 7.22927e-20 1.72436e-12
2.66825e-10 7.23368e-20 1.7219e-12
2.66755e-10 7.22987e-20 1.71885e-12
2.66652e-10 7.22447e-20 1.71753e-12
2.67121e-10 7.25776e-20 1.7762e-12
2.67094e-10 7.25604e-20 1.77184e-12
2.67052e-10 7.25357e-20 1.76779e-12
2.66986e-10 7.24989e-20 1.76453e-12
2.67072e-10 7.25446e-20 1.76213e-12
2.66999e-10 7.25045e-20 1.75918e-12
2.67011e-10 7.25082e-20 1.75477e-12
2.66971e-10 7.24845e-20 1.75079e-12
2.66945e-10 7.24679e-20 1.74656e-12
2.66863e-10 7.24236e-20 1.74411e-12
2.66878e-10 7.24284e-20 1.7398e-12
2.66813e-10 7.23924e-20 1.73666e-12
2.66815e-10 7.23906e-20 1.73232e-12
2.66854e-10 7.24089e-20 1.72844e-12
2.66973e-10 7.24752e-20 1.72825e-12
2.66875e-10 7.24236e-20 1.72676e-12
2.66956e-10 7.24669e-20 1.72442e-12
2.66914e-10 7.24422e-20 1.72068e-12
2.66929e-10 7.24472e-20 1.71651e-12
2.6701e-10 7.24902e-20 1.71422e-12
2.66953e-10 7.24582e-20 1.71097e-12
2.6708e-10 7.25295e-20 1.71148e-12
2.67196e-10 7.25943e-20 1.71127e-12
2.67192e-10 7.25893e-20 1.70712e-12
2.67186e-10 7.2583e-20 1.70299e-12
2.67214e-10 7.25957e-20 1.69911e-12
2.67312e-10 7.26489e-20 1.69782e-12
2.67215e-10 7.2598e-20 1.69652e-12
2.67181e-10 7.25779e-20 1.69278e-12
2.67259e-10 7.26191e-20 1.69051e-12
2.67261e-10 7.26173e-20 1.68647e-12
2.67313e-10 7.26436e-20 1.68327e-12
2.67292e-10 7.26297e-20 1.6794e-12
2.67392e-10 7.26847e-20 1.67841e-12
2.67246e-10 7.26127e-20 1.68081e-12
2.67188e-10 7.25803e-20 1.67785e-12
2.6712e-10 7.25429e-20 1.6753e-12
2.67102e-10 7.25309e-20 1.67145e-12
2.67028e-10 7.24911e-20 1.66917e-12
2.67053e-10 7.25017e-20 1.66544e-12
2.66942e-10 7.2445e-20 1.66525e-12
2.66865e-10 7.24034e-20 1.66319e-12
2.66805e-10 7.23705e-20 1.66039e-12
2.66698e-10 7.23154e-20 1.66001e-12
2.66647e-10 7.22868e-20 1.65695e-12
2.66611e-10 7.22655e-20 1.65351e-12
2.6655e-10 7.22316e-20 1.65086e-12
2.66564e-10 7.22364e-20 1.64713e-12
2.66492e-10 7.21976e-20 1.64493e-12
2.66549e-10 7.2227e-20 1.64218e-12
2.66483e-10 7.21907e-20 1.63979e-12
2.665e-10 7.21974e-20 1.63615e-12
2.66512e-10 7.22012e-20 1.63248e-12
2.6638e-10 7.2136e-20 1.6341e-12
2.66355e-10 7.21204e-20 1.6306e-12
2.66243e-10 7.20636e-20 1.63077e-12
2.66275e-10 7.20784e-20 1.62741e-12
2.66296e-10 7.20869e-20 1.62389e-12
2.66259e-10 7.20652e-20 1.62068e-12
2.66448e-10 7.21793e-20 1.62808e-12
2.66412e-10 7.2158e-20 1.62485e-12
2.66371e-10 7.21345e-20 1.62174e-12
2.66295e-10 7.20938e-20 1.61994e-12
2.663e-10 7.20941e-20 1.61636e-12
2.66259e-10 7.20701e-20 1.61332e-12
2.6621e-10 7.20428e-20 1.6105e-12
2.66317e-10 7.21021e-20 1.61049e-12
2.66175e-10 7.2033e-20 1.61322e-12
2.66128e-10 7.20064e-20 1.61038e-12
2.66019e-10 7.19515e-20 1.61052e-12
2.65931e-10 7.19057e-20 1.60941e-12
2.65896e-10 7.18851e-20 1.60629e-12
2.65872e-10 7.18699e-20 1.60298e-12
2.6588e-10 7.18717e-20 1.59953e-12
2.65953e-10 7.19103e-20 1.59773e-12
2.6592e-10 7.18908e-20 1.59462e-12
2.65968e-10 7.19146e-20 1.5919e-12
2.6598e-10 7.19185e-20 1.58852e-12
2.66079e-10 7.19737e-20 1.58825e-12
2.66044e-10 7.1953e-20 1.58524e-12
2.6596e-10 7.19089e-20 1.58411e-12
2.65858e-10 7.18573e-20 1.58399e-12
2.65926e-10 7.18932e-20 1.58208e-12
2.65894e-10 7.18741e-20 1.57905e-12
2.65847e-10 7.18473e-20 1.57643e-12
2.65874e-10 7.18599e-20 1.57334e-12
2.65838e-10 7.1839e-20 1.57043e-12
2.65848e-10 7.1842e-20 1.56716e-12
2.65849e-10 7.18398e-20 1.56387e-12
2.65796e-10 7.18108e-20 1.56148e-12
2.65933e-10 7.18901e-20 1.56422e-12
2.66012e-10 7.19327e-20 1.56296e-12
2.66018e-10 7.19333e-20 1.55972e-12
2.66e-10 7.19215e-20 1.55658e-12
2.65924e-10 7.18813e-20 1.55523e-12
2.65893e-10 7.18629e-20 1.55232e-12
2.65867e-10 7.18471e-20 1.54933e-12
2.65885e-10 7.18545e-20 1.54625e-12
2.6593e-10 7.1877e-20 1.54372e-12
2.65902e-10 7.18602e-20 1.54081e-12
2.65897e-10 7.18551e-20 1.53766e-12
2.6595e-10 7.18822e-20 1.53543e-12
2.65936e-10 7.18726e-20 1.53236e-12
2.65871e-10 7.18376e-20 1.53064e-12
2.65776e-10 7.17895e-20 1.53044e-12
2.65708e-10 7.1753e-20 1.52888e-12
2.65795e-10 7.18008e-20 1.52828e-12
2.65851e-10 7.18298e-20 1.52622e-12
2.65869e-10 7.18372e-20 1.52325e-12
2.65819e-10 7.18097e-20 1.521e-12
2.65805e-10 7.17997e-20 1.51802e-12
2.65773e-10 7.17808e-20 1.51532e-12
2.65741e-10 7.17622e-20 1.51263e-12
2.65714e-10 7.17462e-20 1.50985e-12
2.65737e-10 7.17564e-20 1.50702e-12
2.65738e-10 7.17544e-20 1.50402e-12
2.65713e-10 7.17392e-20 1.50125e-12
2.65679e-10 7.17198e-20 1.49866e-12
2.65698e-10 7.17278e-20 1.49582e-12
2.65702e-10 7.17274e-20 1.49287e-12
2.65702e-10 7.17251e-20 1.48994e-12
2.65726e-10 7.17363e-20 1.48722e-12
2.65752e-10 7.17483e-20 1.48453e-12
2.65635e-10 7.16906e-20 1.48631e-12
2.65698e-10 7.17243e-20 1.48477e-12
2.65671e-10 7.17082e-20 1.48213e-12
2.65791e-10 7.17767e-20 1.48405e-12
2.65788e-10 7.1773e-20 1.48117e-12
2.65868e-10 7.1817e-20 1.4805e-12
2.65799e-10 7.17805e-20 1.47926e-12
2.65843e-10 7.18025e-20 1.47705e-12
2.65758e-10 7.17591e-20 1.47663e-12
2.65843e-10 7.18056e-20 1.47622e-12
2.6586e-10 7.18128e-20 1.47349e-12
2.65885e-10 7.1824e-20 1.47087e-12
2.65924e-10 7.18434e-20 1.46858e-12
2.659e-10 7.18289e-20 1.46597e-12
2.65878e-10 7.18153e-20 1.46335e-12
2.65897e-10 7.18237e-20 1.4607e-12
2.65917e-10 7.1832e-20 1.45806e-12
2.65927e-10 7.18354e-20 1.45533e-12
2.6588e-10 7.18096e-20 1.45334e-12
2.65915e-10 7.18269e-20 1.45103e-12
2.65875e-10 7.18044e-20 1.44885e-12
2.65864e-10 7.17961e-20 1.44618e-12
2.65807e-10 7.17658e-20 1.44457e-12
2.65843e-10 7.17833e-20 1.44231e-12
2.65824e-10 7.17712e-20 1.43974e-12
2.65791e-10 7.17525e-20 1.43742e-12
2.65735e-10 7.17224e-20 1.43584e-12
2.6578e-10 7.17453e-20 1.43388e-12
2.65865e-10 7.17922e-20 1.43373e-12
2.65852e-10 7.17832e-20 1.43114e-12
2.6585e-10 7.17803e-20 1.4285e-12
2.65799e-10 7.17525e-20 1.42677e-12
2.65745e-10 7.17233e-20 1.42518e-12
2.65692e-10 7.16945e-20 1.42356e-12
2.65695e-10 7.16945e-20 1.42096e-12
2.65664e-10 7.16763e-20 1.4187e-12
2.656e-10 7.16426e-20 1.41755e-12
2.6553e-10 7.1606e-20 1.41672e-12
2.65429e-10 7.15559e-20 1.41775e-12
2.65331e-10 7.15071e-20 1.41857e-12
2.65338e-10 7.1509e-20 1.41602e-12
2.65373e-10 7.15261e-20 1.41388e-12
2.65357e-10 7.15161e-20 1.41141e-12
2.65301e-10 7.14861e-20 1.40998e-12
2.65226e-10 7.14474e-20 1.40944e-12
2.65275e-10 7.14727e-20 1.40775e-12
2.65276e-10 7.14713e-20 1.40523e-12
2.65266e-10 7.14641e-20 1.40275e-12
2.65228e-10 7.14426e-20 1.40077e-12
2.653e-10 7.14817e-20 1.40012e-12
2.65262e-10 7.14604e-20 1.39814e-12
2.65294e-10 7.14764e-20 1.39604e-12
2.65281e-10 7.14674e-20 1.39363e-12
2.65212e-10 7.14317e-20 1.39285e-12
2.65182e-10 7.14142e-20 1.39072e-12
2.65102e-10 7.13733e-20 1.39059e-12
2.65204e-10 7.14318e-20 1.39193e-12
2.65164e-10 7.14096e-20 1.39006e-12
2.6511e-10 7.13805e-20 1.38869e-12
2.65091e-10 7.1369e-20 1.38638e-12
2.65013e-10 7.13292e-20 1.38615e-12
2.64995e-10 7.13179e-20 1.38384e-12
2.65048e-10 7.13452e-20 1.38242e-12
2.65099e-10 7.13724e-20 1.38098e-12
2.65028e-10 7.13355e-20 1.38043e-12
2.65181e-10 7.1428e-20 1.38648e-12
2.65137e-10 7.14038e-20 1.38478e-12
2.65311e-10 7.15124e-20 1.3934e-12
2.6539e-10 7.15559e-20 1.39323e-12
2.65428e-10 7.15747e-20 1.39134e-12
2.6537e-10 7.15441e-20 1.39015e-12
2.65433e-10 7.15778e-20 1.38918e-12
2.65382e-10 7.15504e-20 1.38773e-12
2.65362e-10 7.15379e-20 1.3855e-12
2.65318e-10 7.15137e-20 1.38384e-12
2.65273e-10 7.14895e-20 1.38219e-12
2.65307e-10 7.15063e-20 1.38026e-12
2.6535e-10 7.15279e-20 1.37856e-12
2.65409e-10 7.15594e-20 1.37749e-12
2.655e-10 7.16106e-20 1.37815e-12
2.65464e-10 7.15905e-20 1.37628e-12
2.65429e-10 7.15708e-20 1.37441e-12
2.65359e-10 7.15349e-20 1.37384e-12
2.65372e-10 7.15395e-20 1.37158e-12
2.65336e-10 7.15196e-20 1.36974e-12
2.6536e-10 7.15306e-20 1.36765e-12
2.65296e-10 7.14975e-20 1.36682e-12
2.65323e-10 7.15099e-20 1.36479e-12
2.654e-10 7.15529e-20 1.36473e-12
2.65367e-10 7.15341e-20 1.36286e-12
2.65367e-10 7.1532e-20 1.3606e-12
2.65369e-10 7.15313e-20 1.35834e-12
2.65385e-10 7.1538e-20 1.35618e-12
2.65404e-10 7.15468e-20 1.35408e-12
2.65373e-10 7.15289e-20 1.35221e-12
2.65419e-10 7.15528e-20 1.35076e-12
2.65385e-10 7.15337e-20 1.34896e-12
2.65342e-10 7.15103e-20 1.34743e-12
2.65296e-10 7.14853e-20 1.346e-12
2.65248e-10 7.14594e-20 1.34466e-12
2.65196e-10 7.14315e-20 1.34348e-12
2.65195e-10 7.14294e-20 1.34129e-12
2.65241e-10 7.14533e-20 1.33989e-12
2.65222e-10 7.14416e-20 1.33785e-12
2.65341e-10 7.15119e-20 1.341e-12
2.65344e-10 7.15118e-20 1.33883e-12
2.65341e-10 7.15082e-20 1.33666e-12
2.65328e-10 7.14996e-20 1.33456e-12
2.65411e-10 7.15465e-20 1.33503e-12
2.65497e-10 7.15949e-20 1.33564e-12
2.65607e-10 7.16587e-20 1.33798e-12
2.65599e-10 7.1653e-20 1.33585e-12
2.65757e-10 7.17503e-20 1.34297e-12
2.65712e-10 7.17262e-20 1.34155e-12
2.65777e-10 7.17613e-20 1.34096e-12
2.65794e-10 7.17685e-20 1.33892e-12
2.65815e-10 7.17781e-20 1.33695e-12
2.6584e-10 7.17903e-20 1.33507e-12
2.6582e-10 7.17782e-20 1.33309e-12
2.65771e-10 7.17518e-20 1.33189e-12
2.65753e-10 7.17408e-20 1.3299e-12
2.65741e-10 7.17328e-20 1.32785e-12
2.6564e-10 7.16836e-20 1.32964e-12
2.657e-10 7.17163e-20 1.32892e-12
2.6572e-10 7.17254e-20 1.32698e-12
2.65657e-10 7.16924e-20 1.32642e-12
2.65612e-10 7.16684e-20 1.32508e-12
2.65609e-10 7.16651e-20 1.323e-12
2.65547e-10 7.16328e-20 1.32239e-12
2.65556e-10 7.16359e-20 1.32036e-12
2.65517e-10 7.16141e-20 1.31889e-12
2.65514e-10 7.16107e-20 1.31684e-12
2.65583e-10 7.16492e-20 1.31665e-12
2.656e-10 7.16564e-20 1.31471e-12
2.65526e-10 7.16188e-20 1.31477e-12
2.65515e-10 7.16114e-20 1.31279e-12
2.65542e-10 7.16249e-20 1.31105e-12
2.65553e-10 7.16291e-20 1.30907e-12
2.65489e-10 7.15959e-20 1.30864e-12
2.65498e-10 7.15989e-20 1.30666e-12
2.65488e-10 7.15922e-20 1.30469e-12
2.65479e-10 7.15854e-20 1.30273e-12
2.65461e-10 7.15744e-20 1.30086e-12
2.65423e-10 7.15534e-20 1.29943e-12
2.65398e-10 7.15392e-20 1.29768e-12
2.65406e-10 7.15416e-20 1.29572e-12
2.65421e-10 7.15483e-20 1.29385e-12
2.65368e-10 7.15202e-20 1.29298e-12
2.65337e-10 7.15026e-20 1.2914e-12
2.65285e-10 7.14751e-20 1.29049e-12
2.65299e-10 7.1481e-20 1.28862e-12
2.65243e-10 7.14521e-20 1.28785e-12
2.65208e-10 7.14322e-20 1.28641e-12
2.65148e-10 7.14012e-20 1.28587e-12
2.65147e-10 7.13992e-20 1.28393e-12
2.6513e-10 7.13887e-20 1.28212e-12
2.65025e-10 7.13386e-20 1.28454e-12
2.65018e-10 7.13336e-20 1.28263e-12
2.65049e-10 7.13492e-20 1.2811e-12
2.65029e-10 7.13369e-20 1.27935e-12
2.65062e-10 7.13539e-20 1.27789e-12
2.65053e-10 7.13471e-20 1.27603e-12
2.65036e-10 7.13366e-20 1.27425e-12
2.65029e-10 7.13317e-20 1.27238e-12
2.65062e-10 7.13483e-20 1.27092e-12
2.6503e-10 7.13301e-20 1.26946e-12
2.65051e-10 7.134e-20 1.26776e-12
2.65184e-10 7.14212e-20 1.2729e-12
2.65166e-10 7.14102e-20 1.27116e-12
2.65178e-10 7.1415e-20 1.26935e-12
2.65213e-10 7.14328e-20 1.26797e-12
2.65198e-10 7.14236e-20 1.26619e-12
2.65237e-10 7.14436e-20 1.26493e-12
2.65235e-10 7.14406e-20 1.26309e-12
2.65218e-10 7.14302e-20 1.26136e-12
2.65139e-10 7.13913e-20 1.26195e-12
2.65132e-10 7.13859e-20 1.26013e-12
2.65117e-10 7.13765e-20 1.25839e-12
2.65103e-10 7.13678e-20 1.25664e-12
2.65157e-10 7.13968e-20 1.25597e-12
2.65176e-10 7.14055e-20 1.2543e-12
2.65196e-10 7.14148e-20 1.25265e-12
2.65194e-10 7.1412e-20 1.25085e-12
2.65147e-10 7.13872e-20 1.24992e-12
2.65129e-10 7.13762e-20 1.24825e-12
2.65087e-10 7.13535e-20 1.24718e-12
2.65141e-10 7.13829e-20 1.24658e-12
2.65109e-10 7.1365e-20 1.24521e-12
2.65177e-10 7.14029e-20 1.2453e-12
2.65158e-10 7.13916e-20 1.24366e-12
2.6517e-10 7.13965e-20 1.24194e-12
2.65211e-10 7.14176e-20 1.24084e-12
2.65172e-10 7.13968e-20 1.23967e-12
2.65118e-10 7.13686e-20 1.23909e-12
2.65037e-10 7.13287e-20 1.24e-12
2.64997e-10 7.13072e-20 1.23888e-12
2.65051e-10 7.13359e-20 1.23828e-12
2.6508e-10 7.13505e-20 1.23688e-12
2.65007e-10 7.13143e-20 1.23726e-12
2.64946e-10 7.12829e-20 1.23704e-12
2.64926e-10 7.12713e-20 1.23546e-12
2.64885e-10 7.1249e-20 1.23442e-12
2.64842e-10 7.12262e-20 1.23343e-12
2.64894e-10 7.12541e-20 1.23279e-12
2.64828e-10 7.12206e-20 1.23284e-12
2.64819e-10 7.12142e-20 1.23116e-12
2.6485e-10 7.123e-20 1.22984e-12
2.64835e-10 7.12208e-20 1.22822e-12
2.64847e-10 7.12255e-20 1.22657e-12
2.64859e-10 7.12306e-20 1.22493e-12
2.64914e-10 7.12603e-20 1.22446e-12
2.64886e-10 7.12449e-20 1.22307e-12
2.64876e-10 7.1238e-20 1.22142e-12
2.64915e-10 7.12583e-20 1.22036e-12
2.65023e-10 7.13225e-20 1.22345e-12
2.64997e-10 7.13076e-20 1.22205e-12
2.64937e-10 7.12767e-20 1.22186e-12
2.64921e-10 7.12674e-20 1.22028e-12
2.64938e-10 7.12749e-20 1.21871e-12
2.64938e-10 7.12732e-20 1.21705e-12
2.64957e-10 7.12822e-20 1.21554e-12
2.64905e-10 7.12553e-20 1.21498e-12
2.64926e-10 7.12651e-20 1.21349e-12
2.64936e-10 7.12691e-20 1.21189e-12
2.64936e-10 7.12679e-20 1.21024e-12
2.64941e-10 7.12687e-20 1.2086e-12
2.64865e-10 7.12314e-20 1.20932e-12
2.64896e-10 7.12469e-20 1.20807e-12
2.64856e-10 7.12256e-20 1.20709e-12
2.64806e-10 7.11996e-20 1.20649e-12
2.64893e-10 7.12495e-20 1.20797e-12
2.64975e-10 7.12969e-20 1.20916e-12
2.65057e-10 7.13433e-20 1.21026e-12
2.65012e-10 7.13198e-20 1.20945e-12
2.65048e-10 7.13381e-20 1.20835e-12
2.65008e-10 7.13166e-20 1.2074e-12
2.64966e-10 7.12942e-20 1.20652e-12
2.64989e-10 7.13058e-20 1.20514e-12
2.65025e-10 7.13244e-20 1.20407e-12
2.65129e-10 7.13861e-20 1.20694e-12
2.65248e-10 7.14579e-20 1.21112e-12
2.65224e-10 7.14441e-20 1.20975e-12
2.65272e-10 7.14704e-20 1.20914e-12
2.6529e-10 7.14782e-20 1.20765e-12
2.65231e-10 7.14484e-20 1.20746e-12
2.65274e-10 7.14713e-20 1.20663e-12
2.6524e-10 7.14523e-20 1.20554e-12
2.65166e-10 7.14158e-20 1.20621e-12
2.65159e-10 7.14106e-20 1.20464e-12
2.65135e-10 7.13972e-20 1.20329e-12
2.65113e-10 7.13841e-20 1.20192e-12
2.65089e-10 7.13707e-20 1.20057e-12
2.6515e-10 7.14042e-20 1.20052e-12
2.65177e-10 7.14176e-20 1.19925e-12
2.65229e-10 7.14456e-20 1.1988e-12
2.65225e-10 7.14422e-20 1.19724e-12
2.65201e-10 7.14285e-20 1.19592e-12
2.6516e-10 7.14065e-20 1.19507e-12
2.65137e-10 7.13932e-20 1.19375e-12
2.65173e-10 7.14124e-20 1.19277e-12
2.65123e-10 7.1386e-20 1.1923e-12
2.6508e-10 7.13635e-20 1.19152e-12
2.65095e-10 7.13699e-20 1.19006e-12
2.65104e-10 7.13737e-20 1.18857e-12
2.65067e-10 7.13535e-20 1.18763e-12
2.65065e-10 7.13509e-20 1.1861e-12
2.65046e-10 7.134e-20 1.18472e-12
2.6501e-10 7.13206e-20 1.18374e-12
2.65035e-10 7.13328e-20 1.18248e-12
2.64995e-10 7.13116e-20 1.18163e-12
2.65006e-10 7.13161e-20 1.18017e-12
2.64913e-10 7.12723e-20 1.18232e-12
2.64965e-10 7.13001e-20 1.18193e-12
2.65056e-10 7.13535e-20 1.18393e-12
2.6503e-10 7.13388e-20 1.18271e-12
2.65005e-10 7.13249e-20 1.18146e-12
2.65049e-10 7.13482e-20 1.18078e-12
2.651e-10 7.13762e-20 1.1804e-12
2.65058e-10 7.13535e-20 1.17968e-12
2.65031e-10 7.13386e-20 1.17849e-12
2.65004e-10 7.13235e-20 1.17731e-12
2.65006e-10 7.13234e-20 1.17582e-12
2.64963e-10 7.13003e-20 1.17516e-12
2.64976e-10 7.13059e-20 1.17376e-12
2.64944e-10 7.12887e-20 1.1727e-12
2.65003e-10 7.13213e-20 1.1727e-12
2.6502e-10 7.13293e-20 1.17136e-12
2.65019e-10 7.13275e-20 1.16989e-12
2.64995e-10 7.13134e-20 1.16869e-12
2.64942e-10 7.12864e-20 1.16842e-12
2.64901e-10 7.12645e-20 1.16769e-12
2.64859e-10 7.12424e-20 1.16699e-12
2.64896e-10 7.1262e-20 1.16614e-12
2.64913e-10 7.12698e-20 1.16481e-12
2.64875e-10 7.12495e-20 1.16398e-12
2.64954e-10 7.1295e-20 1.16522e-12
2.6494e-10 7.12863e-20 1.16386e-12
2.6494e-10 7.1285e-20 1.16242e-12
2.64926e-10 7.12765e-20 1.16107e-12
2.64925e-10 7.12747e-20 1.15964e-12
2.6492e-10 7.12705e-20 1.15822e-12
2.64893e-10 7.12554e-20 1.15711e-12
2.64852e-10 7.12339e-20 1.1564e-12
2.64838e-10 7.12254e-20 1.15506e-12
2.64839e-10 7.12244e-20 1.15365e-12
2.64803e-10 7.12051e-20 1.15279e-12
2.64802e-10 7.1203e-20 1.15138e-12
2.64804e-10 7.12029e-20 1.14998e-12
2.64784e-10 7.11914e-20 1.14875e-12
2.64802e-10 7.11996e-20 1.14748e-12
2.64794e-10 7.11943e-20 1.14611e-12
2.64772e-10 7.11817e-20 1.14493e-12
2.64793e-10 7.11917e-20 1.14373e-12
2.64795e-10 7.11917e-20 1.14235e-12
2.64799e-10 7.11927e-20 1.14097e-12
2.64803e-10 7.11936e-20 1.1396e-12
2.6481e-10 7.11959e-20 1.13824e-12
2.64791e-10 7.11847e-20 1.13703e-12
2.64769e-10 7.11724e-20 1.13586e-12
2.64821e-10 7.12005e-20 1.13566e-12
2.64791e-10 7.11841e-20 1.13469e-12
2.6483e-10 7.12051e-20 1.13402e-12
2.64805e-10 7.11909e-20 1.13295e-12
2.64797e-10 7.11854e-20 1.13162e-12
2.64802e-10 7.11869e-20 1.13028e-12
2.64819e-10 7.11947e-20 1.12905e-12
2.64857e-10 7.12148e-20 1.12834e-12
2.64795e-10 7.11841e-20 1.12868e-12
2.64839e-10 7.12078e-20 1.12819e-12
2.64837e-10 7.12054e-20 1.12685e-12
2.64839e-10 7.12048e-20 1.12551e-12
2.64825e-10 7.11967e-20 1.12426e-12
2.64838e-10 7.12023e-20 1.123e-12
2.64802e-10 7.11829e-20 1.12226e-12
2.64835e-10 7.12005e-20 1.12143e-12
2.6487e-10 7.12187e-20 1.12065e-12
2.64893e-10 7.12298e-20 1.11955e-12
2.64952e-10 7.12628e-20 1.11979e-12
2.64897e-10 7.12353e-20 1.11979e-12
2.64952e-10 7.12653e-20 1.1198e-12
2.64915e-10 7.12458e-20 1.11908e-12
2.649e-10 7.12369e-20 1.11786e-12
2.64915e-10 7.12436e-20 1.11665e-12
2.64942e-10 7.12571e-20 1.11566e-12
2.64972e-10 7.1273e-20 1.11478e-12
2.64923e-10 7.12477e-20 1.11457e-12
2.64936e-10 7.12536e-20 1.11335e-12
2.64954e-10 7.1262e-20 1.1122e-12
2.64928e-10 7.12473e-20 1.11122e-12
2.64923e-10 7.12439e-20 1.10993e-12
2.64876e-10 7.12195e-20 1.10966e-12
2.6489e-10 7.12259e-20 1.10847e-12
2.64908e-10 7.12346e-20 1.10733e-12
2.64939e-10 7.12503e-20 1.10647e-12
2.64994e-10 7.1281e-20 1.10658e-12
2.6501e-10 7.12888e-20 1.10542e-12
2.64933e-10 7.12517e-20 1.10685e-12
2.64926e-10 7.12468e-20 1.1056e-12
2.64931e-10 7.12483e-20 1.10434e-12
2.64901e-10 7.12321e-20 1.10347e-12
2.64891e-10 7.12254e-20 1.10226e-12
2.64963e-10 7.12672e-20 1.10338e-12
2.64955e-10 7.12618e-20 1.10215e-12
2.64898e-10 7.12329e-20 1.10239e-12
2.64864e-10 7.12147e-20 1.10166e-12
2.64874e-10 7.12192e-20 1.10046e-12
2.64824e-10 7.11935e-20 1.10036e-12
2.64771e-10 7.11666e-20 1.10039e-12
2.64724e-10 7.11425e-20 1.10014e-12
2.64695e-10 7.1127e-20 1.09926e-12
2.64656e-10 7.11063e-20 1.09872e-12
2.6474e-10 7.11557e-20 1.10068e-12
2.64711e-10 7.11401e-20 1.0998e-12
2.64694e-10 7.11298e-20 1.0987e-12
2.64657e-10 7.11106e-20 1.09806e-12
2.64633e-10 7.10972e-20 1.09708e-12
2.64661e-10 7.11114e-20 1.0962e-12
2.64616e-10 7.10881e-20 1.0959e-12
2.64623e-10 7.10904e-20 1.09468e-12
2.6463e-10 7.10934e-20 1.09348e-12
2.64655e-10 7.11059e-20 1.09254e-12
2.64597e-10 7.1077e-20 1.09286e-12
2.64568e-10 7.10611e-20 1.09203e-12
2.6458e-10 7.10666e-20 1.09088e-12
2.64611e-10 7.10827e-20 1.0901e-12
2.64586e-10 7.10687e-20 1.08918e-12
2.6458e-10 7.10645e-20 1.08798e-12
2.64579e-10 7.10626e-20 1.08677e-12
2.64563e-10 7.10531e-20 1.08568e-12
2.64542e-10 7.10412e-20 1.08468e-12
2.6453e-10 7.10338e-20 1.08355e-12
2.64528e-10 7.10316e-20 1.08235e-12
2.64527e-10 7.10303e-20 1.08115e-12
2.6451e-10 7.10199e-20 1.0801e-12
2.64547e-10 7.10396e-20 1.07954e-12
2.64545e-10 7.10379e-20 1.07835e-12
2.64503e-10 7.10159e-20 1.07799e-12
2.64502e-10 7.10139e-20 1.07681e-12
2.64542e-10 7.10357e-20 1.07639e-12
2.64515e-10 7.10207e-20 1.07556e-12
2.64534e-10 7.10299e-20 1.07455e-12
2.64532e-10 7.10278e-20 1.07337e-12
2.64508e-10 7.10145e-20 1.07246e-12
2.64459e-10 7.09896e-20 1.07241e-12
2.64557e-10 7.10493e-20 1.07574e-12
2.64633e-10 7.10939e-20 1.07727e-12
2.64614e-10 7.10826e-20 1.07628e-12
2.64669e-10 7.11135e-20 1.07653e-12
2.64645e-10 7.11001e-20 1.07563e-12
2.64635e-10 7.10937e-20 1.07451e-12
2.6459e-10 7.10708e-20 1.07426e-12
2.64637e-10 7.10967e-20 1.07414e-12
2.64636e-10 7.10947e-20 1.07297e-12
2.64666e-10 7.11106e-20 1.07225e-12
2.64693e-10 7.11242e-20 1.07142e-12
2.64661e-10 7.1107e-20 1.07075e-12
2.64644e-10 7.10973e-20 1.06973e-12
2.64651e-10 7.10997e-20 1.06859e-12
2.64657e-10 7.11021e-20 1.06746e-12
2.64638e-10 7.1091e-20 1.06649e-12
2.64652e-10 7.10976e-20 1.06544e-12
2.64676e-10 7.11097e-20 1.06457e-12
2.64728e-10 7.11387e-20 1.06471e-12
2.6477e-10 7.11613e-20 1.06439e-12
2.64777e-10 7.11641e-20 1.06327e-12
2.64768e-10 7.11582e-20 1.06218e-12
2.64836e-10 7.11972e-20 1.0632e-12
2.6492e-10 7.12471e-20 1.06537e-12
2.64894e-10 7.12331e-20 1.06454e-12
2.649e-10 7.1235e-20 1.06343e-12
2.64873e-10 7.12203e-20 1.06264e-12
2.64886e-10 7.12264e-20 1.06159e-12
2.64849e-10 7.12066e-20 1.06115e-12
2.64833e-10 7.11976e-20 1.06013e-12
2.64844e-10 7.12021e-20 1.05906e-12
2.649e-10 7.12335e-20 1.05941e-12
2.64998e-10 7.12939e-20 1.06289e-12
2.65e-10 7.12939e-20 1.06177e-12
2.65007e-10 7.12964e-20 1.06068e-12
2.6501e-10 7.12967e-20 1.05957e-12
2.65087e-10 7.13421e-20 1.06126e-12
2.65087e-10 7.13413e-20 1.06014e-12
2.65057e-10 7.1325e-20 1.05946e-12
2.65041e-10 7.13155e-20 1.05848e-12
2.65006e-10 7.12971e-20 1.05794e-12
2.65075e-10 7.1337e-20 1.05907e-12
2.65053e-10 7.13249e-20 1.05818e-12
2.64995e-10 7.12962e-20 1.05867e-12
2.6497e-10 7.12823e-20 1.05787e-12
2.64965e-10 7.12783e-20 1.05679e-12
2.64961e-10 7.12751e-20 1.05569e-12
2.65004e-10 7.12991e-20 1.05551e-12
2.64996e-10 7.12936e-20 1.05445e-12
2.64973e-10 7.12809e-20 1.0536e-12
2.65008e-10 7.12994e-20 1.05309e-12
2.65021e-10 7.13051e-20 1.05207e-12
2.64997e-10 7.1292e-20 1.05125e-12
2.64977e-10 7.12806e-20 1.05036e-12
2.64945e-10 7.12638e-20 1.04974e-12
2.64953e-10 7.1267e-20 1.04869e-12
2.64965e-10 7.12721e-20 1.04768e-12
2.64971e-10 7.12741e-20 1.04661e-12
2.64997e-10 7.1288e-20 1.04588e-12
2.64978e-10 7.12769e-20 1.045e-12
2.64946e-10 7.12597e-20 1.04442e-12
2.64967e-10 7.12706e-20 1.04357e-12
2.6491e-10 7.12423e-20 1.0441e-12
2.64942e-10 7.12593e-20 1.04353e-12
2.64924e-10 7.12489e-20 1.04262e-12
2.64889e-10 7.12307e-20 1.04213e-12
2.64893e-10 7.12315e-20 1.04107e-12
2.64892e-10 7.12298e-20 1.04002e-12
2.64931e-10 7.12509e-20 1.03969e-12
2.64912e-10 7.12401e-20 1.0388e-12
2.64887e-10 7.12266e-20 1.03804e-12
2.64856e-10 7.12101e-20 1.03745e-12
2.64902e-10 7.12354e-20 1.03742e-12
2.64973e-10 7.12766e-20 1.03877e-12
2.64931e-10 7.12554e-20 1.03854e-12
2.64931e-10 7.12539e-20 1.03749e-12
2.64907e-10 7.12409e-20 1.03671e-12
2.6489e-10 7.12312e-20 1.0358e-12
2.64862e-10 7.1216e-20 1.03514e-12
2.64807e-10 7.11887e-20 1.03558e-12
2.64871e-10 7.12257e-20 1.03653e-12
2.6491e-10 7.12465e-20 1.0362e-12
2.64873e-10 7.12273e-20 1.03582e-12
2.64849e-10 7.12142e-20 1.03505e-12
2.64823e-10 7.12e-20 1.03435e-12
