2.99126e-10 8.94763e-20 0
2.84533e-10 8.11722e-20 1.45926e-11
2.72611e-10 7.47431e-20 1.45985e-11
2.71539e-10 7.40564e-20 1.03783e-11
2.6387e-10 7.01209e-20 1.11103e-11
2.68163e-10 7.24149e-20 1.00361e-11
2.69095e-10 7.28488e-20 8.53312e-12
2.72581e-10 7.47677e-20 8.17095e-12
2.72487e-10 7.46645e-20 7.20671e-12
2.6873e-10 7.27168e-20 7.46068e-12
2.7222e-10 7.46806e-20 7.59719e-12
2.71335e-10 7.41603e-20 6.99144e-12
2.6854e-10 7.2704e-20 7.01209e-12
2.68413e-10 7.25938e-20 6.49318e-12
2.71567e-10 7.43995e-20 6.81804e-12
2.728e-10 7.50528e-20 6.49577e-12
2.70016e-10 7.36285e-20 6.70667e-12
2.71203e-10 7.42548e-20 6.43354e-12
2.70167e-10 7.36762e-20 6.17308e-12
2.68938e-10 7.30082e-20 5.98381e-12
2.68552e-10 7.27709e-20 5.70487e-12
2.69009e-10 7.29917e-20 5.4586e-12
2.68175e-10 7.25318e-20 5.28211e-12
2.68187e-10 7.25125e-20 5.05724e-12
2.69168e-10 7.30391e-20 4.94891e-12
2.6825e-10 7.25441e-20 4.84259e-12
2.66866e-10 7.18317e-20 4.86091e-12
2.66676e-10 7.17093e-20 4.68795e-12
2.66285e-10 7.14847e-20 4.54028e-12
2.66025e-10 7.13294e-20 4.39398e-12
2.65177e-10 7.08825e-20 4.33362e-12
2.64903e-10 7.07216e-20 4.205e-12
2.64031e-10 7.02684e-20 4.16769e-12
2.64507e-10 7.0511e-20 4.07115e-12
2.64483e-10 7.04827e-20 3.9532e-12
2.64351e-10 7.03988e-20 3.84407e-12
2.63714e-10 7.00629e-20 3.79268e-12
2.63792e-10 7.00906e-20 3.69235e-12
2.6342e-10 6.98869e-20 3.6156e-12
2.63356e-10 6.98406e-20 3.52464e-12
2.63821e-10 7.00828e-20 3.46894e-12
2.64259e-10 7.03105e-20 3.41356e-12
2.64052e-10 7.01917e-20 3.33967e-12
2.63928e-10 7.01164e-20 3.26523e-12
2.63737e-10 7.00069e-20 3.19757e-12
2.63484e-10 6.9867e-20 3.13744e-12
2.63338e-10 6.97815e-20 3.07344e-12
2.6329e-10 6.9747e-20 3.00912e-12
2.63106e-10 6.9643e-20 2.95282e-12
2.64395e-10 7.03962e-20 3.16739e-12
2.65485e-10 7.10237e-20 3.29055e-12
2.65753e-10 7.11596e-20 3.2378e-12
2.65033e-10 7.07939e-20 3.25689e-12
2.65376e-10 7.09719e-20 3.21438e-12
2.65017e-10 7.07786e-20 3.17573e-12
2.65322e-10 7.0936e-20 3.13342e-12
2.6559e-10 7.10727e-20 3.08959e-12
2.65079e-10 7.0807e-20 3.07864e-12
2.65197e-10 7.08614e-20 3.02832e-12
2.65511e-10 7.10247e-20 2.99388e-12
2.65564e-10 7.10445e-20 2.94487e-12
2.65817e-10 7.11744e-20 2.908e-12
2.6554e-10 7.10241e-20 2.87477e-12
2.6515e-10 7.08185e-20 2.85631e-12
2.65669e-10 7.11032e-20 2.85948e-12
2.65511e-10 7.10131e-20 2.82024e-12
2.65557e-10 7.10301e-20 2.77821e-12
2.65384e-10 7.09325e-20 2.74256e-12
2.65457e-10 7.09642e-20 2.7035e-12
2.65246e-10 7.08485e-20 2.6729e-12
2.65331e-10 7.0887e-20 2.63635e-12
2.6539e-10 7.09117e-20 2.60014e-12
2.65056e-10 7.0736e-20 2.58591e-12
2.64426e-10 7.04251e-20 2.62729e-12
2.64774e-10 7.06112e-20 2.61521e-12
2.65048e-10 7.07555e-20 2.59512e-12
2.65091e-10 7.0772e-20 2.56155e-12
2.65163e-10 7.08042e-20 2.52953e-12
2.65157e-10 7.07947e-20 2.49731e-12
2.6491e-10 7.06625e-20 2.47824e-12
2.64682e-10 7.05398e-20 2.45806e-12
2.64512e-10 7.04464e-20 2.43383e-12
2.64732e-10 7.0561e-20 2.41437e-12
2.64834e-10 7.06105e-20 2.38766e-12
2.64749e-10 7.056e-20 2.36097e-12
2.64441e-10 7.04e-20 2.35349e-12
2.64634e-10 7.04997e-20 2.33424e-12
2.64561e-10 7.04563e-20 2.30871e-12
2.64193e-10 7.02682e-20 2.3122e-12
2.64349e-10 7.0348e-20 2.29174e-12
2.64318e-10 7.03266e-20 2.26663e-12
2.64441e-10 7.03875e-20 2.24518e-12
2.64815e-10 7.05935e-20 2.25221e-12
2.64539e-10 7.04496e-20 2.24511e-12
2.64939e-10 7.06718e-20 2.25717e-12
2.64726e-10 7.0558e-20 2.24373e-12
2.64968e-10 7.0687e-20 2.23363e-12
2.64893e-10 7.06428e-20 2.212e-12
2.65308e-10 7.08753e-20 2.22864e-12
2.65097e-10 7.07628e-20 2.21634e-12
2.65272e-10 7.08538e-20 2.20126e-12
2.65089e-10 7.07556e-20 2.18722e-12
2.65214e-10 7.08183e-20 2.16943e-12
2.65025e-10 7.07174e-20 2.15672e-12
2.64932e-10 7.06642e-20 2.13813e-12
2.64929e-10 7.06584e-20 2.11786e-12
2.65054e-10 7.07218e-20 2.10168e-12
2.65156e-10 7.07729e-20 2.08465e-12
2.65034e-10 7.07052e-20 2.06908e-12
2.6572e-10 7.11163e-20 2.16187e-12
2.65944e-10 7.12367e-20 2.15405e-12
2.65662e-10 7.10908e-20 2.15333e-12
2.65704e-10 7.11088e-20 2.1346e-12
2.66214e-10 7.14055e-20 2.17658e-12
2.66547e-10 7.15906e-20 2.18305e-12
2.66417e-10 7.15184e-20 2.16806e-12
2.66141e-10 7.1376e-20 2.167e-12
2.66313e-10 7.14659e-20 2.15536e-12
2.66639e-10 7.16478e-20 2.16194e-12
2.67023e-10 7.18655e-20 2.17791e-12
2.66945e-10 7.18199e-20 2.16124e-12
2.66827e-10 7.17544e-20 2.14666e-12
2.66815e-10 7.17436e-20 2.12917e-12
2.66863e-10 7.17647e-20 2.11247e-12
2.66886e-10 7.17725e-20 2.09562e-12
2.66627e-10 7.16386e-20 2.09495e-12
2.66731e-10 7.1691e-20 2.08098e-12
2.66899e-10 7.17798e-20 2.07146e-12
2.66999e-10 7.18306e-20 2.0578e-12
2.67052e-10 7.18551e-20 2.04259e-12
2.66997e-10 7.1822e-20 2.02769e-12
2.66666e-10 7.16558e-20 2.03927e-12
2.6655e-10 7.15913e-20 2.02724e-12
2.6662e-10 7.16255e-20 2.01329e-12
2.66672e-10 7.16497e-20 1.999e-12
2.6659e-10 7.16025e-20 1.98597e-12
2.66581e-10 7.1594e-20 1.97144e-12
2.66501e-10 7.15484e-20 1.95874e-12
2.66514e-10 7.15514e-20 1.94463e-12
2.66289e-10 7.14348e-20 1.94375e-12
2.66119e-10 7.13446e-20 1.93739e-12
2.66186e-10 7.13773e-20 1.92487e-12
2.66139e-10 7.13489e-20 1.91195e-12
2.66068e-10 7.13083e-20 1.89994e-12
2.66026e-10 7.12829e-20 1.88725e-12
2.66306e-10 7.14398e-20 1.89509e-12
2.66283e-10 7.14237e-20 1.8823e-12
2.66171e-10 7.13628e-20 1.87285e-12
2.66188e-10 7.13683e-20 1.86032e-12
2.66109e-10 7.13235e-20 1.84959e-12
2.66096e-10 7.13134e-20 1.83734e-12
2.65866e-10 7.11957e-20 1.83964e-12
2.6577e-10 7.11426e-20 1.83011e-12
2.65759e-10 7.11334e-20 1.81822e-12
2.6575e-10 7.11258e-20 1.80647e-12
2.65676e-10 7.10837e-20 1.79641e-12
2.65719e-10 7.11038e-20 1.78545e-12
2.65606e-10 7.10425e-20 1.77772e-12
2.65568e-10 7.10197e-20 1.7669e-12
2.65677e-10 7.10762e-20 1.75918e-12
2.6562e-10 7.10437e-20 1.74913e-12
2.65951e-10 7.1234e-20 1.76945e-12
2.65928e-10 7.12187e-20 1.75872e-12
2.65809e-10 7.11548e-20 1.75199e-12
2.65943e-10 7.12258e-20 1.74646e-12
2.66023e-10 7.12667e-20 1.73777e-12
2.6632e-10 7.14361e-20 1.7526e-12
2.66439e-10 7.14991e-20 1.74622e-12
2.66463e-10 7.15091e-20 1.73603e-12
2.66347e-10 7.14466e-20 1.72967e-12
2.66429e-10 7.14881e-20 1.72146e-12
2.66283e-10 7.14113e-20 1.71759e-12
2.66368e-10 7.14548e-20 1.70974e-12
2.66422e-10 7.14811e-20 1.70074e-12
2.66541e-10 7.15442e-20 1.69517e-12
2.66667e-10 7.16112e-20 1.69021e-12
2.6686e-10 7.17179e-20 1.69167e-12
2.66665e-10 7.16177e-20 1.69342e-12
2.66725e-10 7.16475e-20 1.685e-12
2.66604e-10 7.15828e-20 1.67996e-12
2.66601e-10 7.15783e-20 1.67066e-12
2.66639e-10 7.15961e-20 1.66189e-12
2.66381e-10 7.14682e-20 1.67268e-12
2.66249e-10 7.13984e-20 1.66879e-12
2.66126e-10 7.13326e-20 1.66435e-12
2.66205e-10 7.13731e-20 1.65726e-12
2.66265e-10 7.14029e-20 1.64946e-12
2.6625e-10 7.13923e-20 1.64074e-12
2.66211e-10 7.13693e-20 1.63249e-12
2.66165e-10 7.13424e-20 1.62454e-12
2.65982e-10 7.1249e-20 1.62628e-12
2.65973e-10 7.12413e-20 1.61781e-12
2.6597e-10 7.12376e-20 1.60941e-12
2.65888e-10 7.11926e-20 1.6032e-12
2.6571e-10 7.11014e-20 1.60492e-12
2.65577e-10 7.10319e-20 1.60218e-12
2.65494e-10 7.09863e-20 1.59623e-12
2.6539e-10 7.09307e-20 1.59155e-12
2.65394e-10 7.09303e-20 1.58354e-12
2.65377e-10 7.09189e-20 1.57569e-12
2.65247e-10 7.08511e-20 1.57317e-12
2.65324e-10 7.08903e-20 1.56722e-12
2.6545e-10 7.09581e-20 1.56458e-12
2.65351e-10 7.09054e-20 1.56e-12
2.65245e-10 7.08488e-20 1.55603e-12
2.65255e-10 7.08516e-20 1.54849e-12
2.65273e-10 7.08589e-20 1.5411e-12
2.65322e-10 7.0883e-20 1.53445e-12
2.65174e-10 7.08068e-20 1.53422e-12
2.652e-10 7.08182e-20 1.52711e-12
2.65232e-10 7.08331e-20 1.52019e-12
2.65363e-10 7.09041e-20 1.51868e-12
2.65341e-10 7.08903e-20 1.51169e-12
2.65254e-10 7.08436e-20 1.50711e-12
2.652e-10 7.08131e-20 1.50107e-12
2.65168e-10 7.07943e-20 1.49444e-12
2.65145e-10 7.07797e-20 1.48772e-12
2.65163e-10 7.07873e-20 1.48099e-12
2.64977e-10 7.06941e-20 1.48588e-12
2.64835e-10 7.0621e-20 1.48593e-12
2.64724e-10 7.05628e-20 1.48335e-12
2.64718e-10 7.05576e-20 1.47666e-12
2.64983e-10 7.07114e-20 1.49373e-12
2.6486e-10 7.06471e-20 1.49217e-12
2.64719e-10 7.05749e-20 1.49217e-12
2.64641e-10 7.0533e-20 1.48757e-12
2.64663e-10 7.05422e-20 1.48116e-12
2.64659e-10 7.05383e-20 1.47465e-12
2.64682e-10 7.0548e-20 1.46837e-12
2.64594e-10 7.05011e-20 1.46462e-12
2.64769e-10 7.05988e-20 1.46877e-12
2.6486e-10 7.06467e-20 1.46524e-12
2.6476e-10 7.05937e-20 1.46239e-12
2.64673e-10 7.05476e-20 1.45869e-12
2.64597e-10 7.05066e-20 1.45446e-12
2.64613e-10 7.05131e-20 1.44838e-12
2.64531e-10 7.04691e-20 1.44459e-12
2.64529e-10 7.04659e-20 1.43851e-12
2.64593e-10 7.04991e-20 1.43394e-12
2.64758e-10 7.05907e-20 1.43742e-12
2.64948e-10 7.06978e-20 1.44397e-12
2.65029e-10 7.07405e-20 1.44029e-12
2.64996e-10 7.07211e-20 1.43473e-12
2.65071e-10 7.07602e-20 1.4308e-12
2.64982e-10 7.07127e-20 1.42775e-12
2.6492e-10 7.06789e-20 1.42327e-12
2.64931e-10 7.06829e-20 1.41754e-12
2.64858e-10 7.06432e-20 1.41373e-12
2.64885e-10 7.06561e-20 1.40832e-12
2.65044e-10 7.07448e-20 1.41167e-12
2.65083e-10 7.07638e-20 1.40657e-12
2.65127e-10 7.07857e-20 1.40167e-12
2.65148e-10 7.07949e-20 1.39627e-12
2.65145e-10 7.0791e-20 1.39077e-12
2.65087e-10 7.07595e-20 1.38649e-12
2.65126e-10 7.07784e-20 1.3816e-12
2.65085e-10 7.07552e-20 1.37682e-12
2.65119e-10 7.07719e-20 1.37191e-12
2.65183e-10 7.0805e-20 1.3681e-12
2.65386e-10 7.09216e-20 1.37789e-12
2.65398e-10 7.09259e-20 1.37265e-12
2.65404e-10 7.09274e-20 1.36742e-12
2.65437e-10 7.09434e-20 1.36261e-12
2.65453e-10 7.09499e-20 1.35753e-12
2.6551e-10 7.09792e-20 1.3536e-12
2.65586e-10 7.10194e-20 1.35065e-12
2.65387e-10 7.09226e-20 1.36018e-12
2.65465e-10 7.09637e-20 1.35732e-12
2.65476e-10 7.09678e-20 1.35231e-12
2.65569e-10 7.10174e-20 1.35047e-12
2.65588e-10 7.1026e-20 1.34561e-12
2.65578e-10 7.10187e-20 1.3407e-12
2.65488e-10 7.09716e-20 1.33876e-12
2.6557e-10 7.10149e-20 1.33635e-12
2.65563e-10 7.10094e-20 1.3315e-12
2.656e-10 7.1028e-20 1.3272e-12
2.65518e-10 7.09842e-20 1.32498e-12
2.65472e-10 7.09589e-20 1.32098e-12
2.65461e-10 7.09512e-20 1.31629e-12
2.65429e-10 7.09328e-20 1.31197e-12
2.65487e-10 7.0963e-20 1.30859e-12
2.6541e-10 7.09217e-20 1.30626e-12
2.65345e-10 7.0887e-20 1.30322e-12
2.6526e-10 7.08422e-20 1.30142e-12
2.65186e-10 7.08029e-20 1.29894e-12
2.65203e-10 7.08102e-20 1.29449e-12
2.65219e-10 7.08169e-20 1.29007e-12
2.65176e-10 7.07931e-20 1.28629e-12
2.65081e-10 7.07436e-20 1.28536e-12
2.6502e-10 7.07107e-20 1.28237e-12
2.64942e-10 7.06697e-20 1.28031e-12
2.64878e-10 7.06351e-20 1.27755e-12
2.64813e-10 7.06005e-20 1.27482e-12
2.64892e-10 7.06425e-20 1.27293e-12
2.6486e-10 7.06242e-20 1.26901e-12
2.65056e-10 7.07378e-20 1.27983e-12
2.64992e-10 7.07035e-20 1.27712e-12
2.65065e-10 7.07423e-20 1.27494e-12
2.6504e-10 7.07276e-20 1.27091e-12
2.65026e-10 7.07184e-20 1.26675e-12
2.64993e-10 7.06998e-20 1.26296e-12
2.64857e-10 7.06318e-20 1.26607e-12
2.64777e-10 7.05899e-20 1.2644e-12
2.64836e-10 7.06204e-20 1.26159e-12
2.64793e-10 7.05965e-20 1.25819e-12
2.64641e-10 7.05214e-20 1.26328e-12
2.64762e-10 7.05884e-20 1.26498e-12
2.64838e-10 7.06291e-20 1.26318e-12
2.64699e-10 7.05598e-20 1.26673e-12
2.64748e-10 7.0585e-20 1.26359e-12
2.64791e-10 7.06069e-20 1.26026e-12
2.64745e-10 7.05812e-20 1.25709e-12
2.64665e-10 7.05392e-20 1.25562e-12
2.64672e-10 7.05415e-20 1.25164e-12
2.64622e-10 7.05143e-20 1.24865e-12
2.64696e-10 7.0554e-20 1.24692e-12
2.64645e-10 7.05261e-20 1.24404e-12
2.6455e-10 7.04772e-20 1.24375e-12
2.64474e-10 7.04372e-20 1.24217e-12
2.64456e-10 7.04262e-20 1.23842e-12
2.6447e-10 7.04319e-20 1.23463e-12
2.64501e-10 7.04475e-20 1.2312e-12
2.64513e-10 7.0452e-20 1.22743e-12
2.64443e-10 7.04154e-20 1.2256e-12
2.64463e-10 7.04246e-20 1.22199e-12
2.64432e-10 7.04069e-20 1.21864e-12
2.64414e-10 7.03959e-20 1.21504e-12
2.64355e-10 7.03644e-20 1.21276e-12
2.64326e-10 7.03482e-20 1.20941e-12
2.64301e-10 7.03337e-20 1.206e-12
2.64316e-10 7.03401e-20 1.20244e-12
2.64337e-10 7.03499e-20 1.19899e-12
2.6452e-10 7.04562e-20 1.20929e-12
2.64385e-10 7.03893e-20 1.21323e-12
2.64369e-10 7.03795e-20 1.20971e-12
2.64333e-10 7.03597e-20 1.20663e-12
2.6436e-10 7.03729e-20 1.20335e-12
2.64332e-10 7.03565e-20 1.20013e-12
2.64421e-10 7.04049e-20 1.1999e-12
2.64431e-10 7.0409e-20 1.19641e-12
2.64479e-10 7.04337e-20 1.19386e-12
2.64445e-10 7.04146e-20 1.19085e-12
2.64448e-10 7.04151e-20 1.18738e-12
2.64369e-10 7.0374e-20 1.18656e-12
2.64326e-10 7.03506e-20 1.18389e-12
2.64336e-10 7.03545e-20 1.1805e-12
2.64354e-10 7.03624e-20 1.17722e-12
2.64313e-10 7.03398e-20 1.17456e-12
2.64168e-10 7.02694e-20 1.18006e-12
2.64161e-10 7.02643e-20 1.1767e-12
2.64081e-10 7.0223e-20 1.17605e-12
2.64033e-10 7.01968e-20 1.17371e-12
2.64051e-10 7.02052e-20 1.17052e-12
2.64067e-10 7.02123e-20 1.16732e-12
2.64111e-10 7.02351e-20 1.16488e-12
2.64173e-10 7.02676e-20 1.16323e-12
2.64214e-10 7.02887e-20 1.1607e-12
2.6424e-10 7.03012e-20 1.15774e-12
2.64202e-10 7.02803e-20 1.15514e-12
2.64154e-10 7.02546e-20 1.15291e-12
2.64105e-10 7.02281e-20 1.15077e-12
2.6424e-10 7.03047e-20 1.1555e-12
2.64326e-10 7.03515e-20 1.15551e-12
2.64233e-10 7.03042e-20 1.15608e-12
2.64288e-10 7.0333e-20 1.15422e-12
2.64276e-10 7.03254e-20 1.15112e-12
2.64515e-10 7.04711e-20 1.17252e-12
2.64543e-10 7.0485e-20 1.16967e-12
2.6459e-10 7.05094e-20 1.16745e-12
2.64601e-10 7.05141e-20 1.16434e-12
2.64735e-10 7.05899e-20 1.16882e-12
2.64756e-10 7.06002e-20 1.16588e-12
2.64734e-10 7.05874e-20 1.16295e-12
2.64769e-10 7.06049e-20 1.16036e-12
2.64665e-10 7.05525e-20 1.16193e-12
2.64744e-10 7.05955e-20 1.16155e-12
2.64665e-10 7.05545e-20 1.16119e-12
2.64652e-10 7.05462e-20 1.15819e-12
2.64685e-10 7.05629e-20 1.1556e-12
2.64617e-10 7.05275e-20 1.15454e-12
2.64701e-10 7.05733e-20 1.15456e-12
2.64671e-10 7.05566e-20 1.15192e-12
2.64671e-10 7.0555e-20 1.14891e-12
2.64747e-10 7.05961e-20 1.14843e-12
2.64756e-10 7.05993e-20 1.14547e-12
2.64772e-10 7.0607e-20 1.14262e-12
2.64735e-10 7.05865e-20 1.14028e-12
2.64659e-10 7.05472e-20 1.13987e-12
2.64668e-10 7.05509e-20 1.13697e-12
2.64729e-10 7.0583e-20 1.13566e-12
2.64705e-10 7.05696e-20 1.13299e-12
2.647e-10 7.05653e-20 1.13011e-12
2.64659e-10 7.05433e-20 1.12795e-12
2.64624e-10 7.0524e-20 1.12563e-12
2.64633e-10 7.05273e-20 1.12281e-12
2.64636e-10 7.05279e-20 1.11997e-12
2.64656e-10 7.05371e-20 1.11731e-12
2.64727e-10 7.05758e-20 1.1168e-12
2.64869e-10 7.06572e-20 1.12291e-12
2.64841e-10 7.06418e-20 1.12043e-12
2.64875e-10 7.06586e-20 1.11813e-12
2.6487e-10 7.06551e-20 1.11535e-12
2.64856e-10 7.06465e-20 1.11267e-12
2.64873e-10 7.06544e-20 1.11004e-12
2.64831e-10 7.06315e-20 1.1081e-12
2.64777e-10 7.06031e-20 1.10666e-12
2.64838e-10 7.06355e-20 1.1056e-12
2.64868e-10 7.06506e-20 1.1033e-12
2.6482e-10 7.06249e-20 1.10164e-12
2.64827e-10 7.06276e-20 1.09898e-12
2.64909e-10 7.06723e-20 1.09933e-12
2.6496e-10 7.06992e-20 1.09785e-12
2.64921e-10 7.06781e-20 1.09588e-12
2.64947e-10 7.06906e-20 1.09352e-12
2.64903e-10 7.06671e-20 1.09176e-12
2.64952e-10 7.06928e-20 1.09023e-12
2.64977e-10 7.07052e-20 1.0879e-12
2.65043e-10 7.07409e-20 1.08731e-12
2.65029e-10 7.07322e-20 1.08481e-12
2.64964e-10 7.06985e-20 1.08415e-12
2.64996e-10 7.07145e-20 1.08203e-12
2.65051e-10 7.07437e-20 1.08086e-12
2.65007e-10 7.07201e-20 1.0792e-12
2.65092e-10 7.0767e-20 1.08e-12
2.65045e-10 7.07421e-20 1.07845e-12
2.65101e-10 7.07721e-20 1.07739e-12
2.65036e-10 7.07383e-20 1.07682e-12
2.65135e-10 7.07935e-20 1.07881e-12
2.65142e-10 7.07961e-20 1.07631e-12
2.6516e-10 7.08047e-20 1.07396e-12
2.6515e-10 7.0798e-20 1.07152e-12
2.65113e-10 7.07778e-20 1.06968e-12
2.65115e-10 7.07781e-20 1.06721e-12
2.65155e-10 7.07985e-20 1.06547e-12
2.65275e-10 7.08672e-20 1.06977e-12
2.65272e-10 7.08648e-20 1.06732e-12
2.65265e-10 7.086e-20 1.0649e-12
2.65305e-10 7.08807e-20 1.06321e-12
2.65429e-10 7.0952e-20 1.06798e-12
2.65364e-10 7.09181e-20 1.06753e-12
2.65366e-10 7.09182e-20 1.06511e-12
2.65306e-10 7.08867e-20 1.0644e-12
2.65344e-10 7.09066e-20 1.06269e-12
2.65379e-10 7.09247e-20 1.06088e-12
2.65362e-10 7.09147e-20 1.05863e-12
2.65369e-10 7.09172e-20 1.05628e-12
2.655e-10 7.09935e-20 1.06206e-12
2.65542e-10 7.10155e-20 1.06052e-12
2.65514e-10 7.09995e-20 1.05855e-12
2.65693e-10 7.11083e-20 1.07136e-12
2.65683e-10 7.1102e-20 1.06903e-12
2.65703e-10 7.11113e-20 1.06684e-12
2.65688e-10 7.11021e-20 1.06459e-12
2.65644e-10 7.10789e-20 1.06312e-12
2.65629e-10 7.10698e-20 1.06089e-12
2.65683e-10 7.10988e-20 1.05995e-12
2.65671e-10 7.10913e-20 1.0577e-12
2.65638e-10 7.10729e-20 1.05592e-12
2.65616e-10 7.10605e-20 1.05383e-12
2.65624e-10 7.10635e-20 1.05157e-12
2.65644e-10 7.10733e-20 1.04948e-12
2.6559e-10 7.10448e-20 1.04859e-12
2.6558e-10 7.10386e-20 1.04637e-12
2.6561e-10 7.10537e-20 1.04453e-12
2.65577e-10 7.10355e-20 1.04281e-12
2.65576e-10 7.10338e-20 1.04057e-12
2.65544e-10 7.10165e-20 1.03882e-12
2.65542e-10 7.10141e-20 1.0366e-12
2.65466e-10 7.09758e-20 1.03711e-12
2.65517e-10 7.10027e-20 1.03613e-12
2.6554e-10 7.10144e-20 1.0342e-12
2.65506e-10 7.09957e-20 1.03257e-12
2.65592e-10 7.1044e-20 1.03398e-12
2.6556e-10 7.10262e-20 1.03231e-12
2.65567e-10 7.10286e-20 1.03015e-12
2.65582e-10 7.1036e-20 1.0281e-12
2.65542e-10 7.10142e-20 1.02675e-12
2.65555e-10 7.10204e-20 1.02468e-12
2.65578e-10 7.10319e-20 1.02281e-12
2.65543e-10 7.10125e-20 1.0213e-12
2.65539e-10 7.10094e-20 1.01918e-12
2.65525e-10 7.10012e-20 1.01716e-12
2.65593e-10 7.10385e-20 1.01733e-12
2.65634e-10 7.106e-20 1.01605e-12
2.65682e-10 7.10855e-20 1.01508e-12
2.65642e-10 7.10643e-20 1.01375e-12
2.65607e-10 7.10453e-20 1.01227e-12
2.65588e-10 7.10341e-20 1.01038e-12
2.65564e-10 7.10206e-20 1.0086e-12
2.65596e-10 7.10373e-20 1.00706e-12
2.65545e-10 7.10103e-20 1.00632e-12
2.65636e-10 7.10619e-20 1.00842e-12
2.65622e-10 7.10536e-20 1.00647e-12
2.65638e-10 7.10608e-20 1.00455e-12
2.65661e-10 7.10723e-20 1.00278e-12
2.65635e-10 7.10578e-20 1.0011e-12
2.65672e-10 7.10773e-20 9.99776e-13
2.65656e-10 7.10679e-20 9.97895e-13
2.65719e-10 7.11027e-20 9.97914e-13
2.65667e-10 7.1075e-20 9.97311e-13
2.65717e-10 7.11022e-20 9.96606e-13
2.6573e-10 7.11081e-20 9.947e-13
2.65746e-10 7.11157e-20 9.92849e-13
2.65734e-10 7.11086e-20 9.90946e-13
2.65718e-10 7.10992e-20 9.89113e-13
2.65742e-10 7.11112e-20 9.87446e-13
2.65715e-10 7.10962e-20 9.85869e-13
2.65693e-10 7.10839e-20 9.8417e-13
2.65697e-10 7.10852e-20 9.82244e-13
2.65635e-10 7.10533e-20 9.82263e-13
2.65578e-10 7.10236e-20 9.82012e-13
2.65552e-10 7.10088e-20 9.80455e-13
2.65626e-10 7.10501e-20 9.81351e-13
2.65699e-10 7.10907e-20 9.82163e-13
2.6567e-10 7.10748e-20 9.80683e-13
2.65712e-10 7.1097e-20 9.79681e-13
2.65715e-10 7.10978e-20 9.77789e-13
2.65668e-10 7.10731e-20 9.77023e-13
2.65661e-10 7.10686e-20 9.75161e-13
2.65599e-10 7.10364e-20 9.75296e-13
2.65618e-10 7.10461e-20 9.73621e-13
2.65634e-10 7.10534e-20 9.71873e-13
2.65605e-10 7.10374e-20 9.70451e-13
2.65642e-10 7.10568e-20 9.69302e-13
2.65667e-10 7.10699e-20 9.67799e-13
2.65705e-10 7.10897e-20 9.66688e-13
2.65683e-10 7.10775e-20 9.65098e-13
2.65695e-10 7.10828e-20 9.63338e-13
2.65737e-10 7.11051e-20 9.62427e-13
2.65756e-10 7.11146e-20 9.60804e-13
2.6574e-10 7.11053e-20 9.59127e-13
2.65786e-10 7.11298e-20 9.5841e-13
2.65744e-10 7.11076e-20 9.57522e-13
2.65717e-10 7.10928e-20 9.56106e-13
2.65684e-10 7.10747e-20 9.54901e-13
2.65659e-10 7.10612e-20 9.53429e-13
2.65653e-10 7.10568e-20 9.51675e-13
2.65586e-10 7.10229e-20 9.52241e-13
2.65553e-10 7.10048e-20 9.51063e-13
2.65533e-10 7.09937e-20 9.49501e-13
2.65474e-10 7.09635e-20 9.49558e-13
2.65463e-10 7.09566e-20 9.47875e-13
2.65459e-10 7.09536e-20 9.46136e-13
2.65479e-10 7.09639e-20 9.44618e-13
2.65514e-10 7.09819e-20 9.43511e-13
2.65548e-10 7.09996e-20 9.4239e-13
2.6552e-10 7.09846e-20 9.41066e-13
2.65508e-10 7.09772e-20 9.39428e-13
2.65487e-10 7.09655e-20 9.37948e-13
2.655e-10 7.09716e-20 9.36331e-13
2.6549e-10 7.09656e-20 9.34681e-13
2.65423e-10 7.09314e-20 9.35427e-13
2.65408e-10 7.09228e-20 9.33853e-13
2.65372e-10 7.09035e-20 9.3286e-13
2.65441e-10 7.09421e-20 9.33759e-13
2.65459e-10 7.09506e-20 9.32239e-13
2.65426e-10 7.09328e-20 9.31149e-13
2.65397e-10 7.09173e-20 9.29915e-13
2.65349e-10 7.0892e-20 9.29516e-13
2.65375e-10 7.09055e-20 9.28226e-13
2.65338e-10 7.08858e-20 9.27306e-13
2.65323e-10 7.08773e-20 9.25771e-13
2.65301e-10 7.08646e-20 9.24404e-13
2.65297e-10 7.0862e-20 9.2277e-13
2.65294e-10 7.08593e-20 9.21142e-13
2.65271e-10 7.08465e-20 9.19802e-13
2.6522e-10 7.08204e-20 9.1956e-13
2.65171e-10 7.07947e-20 9.19272e-13
2.65158e-10 7.07873e-20 9.17739e-13
2.65149e-10 7.07818e-20 9.16171e-13
2.65118e-10 7.07651e-20 9.15091e-13
2.65106e-10 7.07575e-20 9.13581e-13
2.65074e-10 7.07408e-20 9.12512e-13
2.65152e-10 7.07846e-20 9.14228e-13
2.65165e-10 7.07908e-20 9.1273e-13
2.65214e-10 7.08171e-20 9.12442e-13
2.65275e-10 7.08507e-20 9.12887e-13
2.65242e-10 7.08329e-20 9.11906e-13
2.65234e-10 7.0828e-20 9.10363e-13
2.65203e-10 7.08112e-20 9.09323e-13
2.65211e-10 7.0815e-20 9.07799e-13
2.65211e-10 7.08138e-20 9.06238e-13
2.65244e-10 7.08312e-20 9.05287e-13
2.65229e-10 7.08229e-20 9.03848e-13
2.65218e-10 7.08161e-20 9.02374e-13
2.65275e-10 7.08475e-20 9.02643e-13
2.65251e-10 7.08342e-20 9.01431e-13
2.6525e-10 7.08329e-20 8.99897e-13
2.65287e-10 7.08524e-20 8.99119e-13
2.65288e-10 7.08525e-20 8.97596e-13
2.65306e-10 7.08612e-20 8.96248e-13
2.65349e-10 7.08841e-20 8.95743e-13
2.65349e-10 7.08837e-20 8.94231e-13
2.65349e-10 7.08828e-20 8.92725e-13
2.65346e-10 7.08804e-20 8.91228e-13
2.65336e-10 7.08744e-20 8.89787e-13
2.65352e-10 7.08819e-20 8.88428e-13
2.65322e-10 7.08658e-20 8.87441e-13
2.6529e-10 7.08489e-20 8.86518e-13
2.6526e-10 7.08327e-20 8.85552e-13
2.65338e-10 7.0877e-20 8.87512e-13
2.65281e-10 7.08479e-20 8.87867e-13
2.65231e-10 7.08221e-20 8.87804e-13
2.65293e-10 7.08564e-20 8.88483e-13
2.65344e-10 7.08844e-20 8.88492e-13
2.65352e-10 7.08879e-20 8.87062e-13
2.65391e-10 7.09087e-20 8.8645e-13
2.65414e-10 7.09201e-20 8.85273e-13
2.65412e-10 7.09185e-20 8.8382e-13
2.65406e-10 7.09147e-20 8.82387e-13
2.65362e-10 7.08914e-20 8.82086e-13
2.65323e-10 7.0871e-20 8.81488e-13
2.65301e-10 7.08588e-20 8.80329e-13
2.65363e-10 7.08933e-20 8.8108e-13
2.6535e-10 7.08856e-20 8.79745e-13
2.65367e-10 7.08941e-20 8.78484e-13
2.65363e-10 7.08916e-20 8.77065e-13
2.65339e-10 7.08784e-20 8.75974e-13
2.65333e-10 7.08742e-20 8.74583e-13
2.65319e-10 7.08661e-20 8.73283e-13
2.6534e-10 7.08769e-20 8.72135e-13
2.6535e-10 7.08813e-20 8.70785e-13
2.6531e-10 7.08604e-20 8.70304e-13
2.65326e-10 7.08683e-20 8.69058e-13
2.65345e-10 7.08781e-20 8.67882e-13
2.65344e-10 7.08764e-20 8.66496e-13
2.65338e-10 7.08729e-20 8.65128e-13
2.65305e-10 7.0855e-20 8.64409e-13
2.65344e-10 7.08764e-20 8.63953e-13
2.65388e-10 7.09002e-20 8.63699e-13
2.65399e-10 7.09052e-20 8.62395e-13
2.65422e-10 7.09168e-20 8.6133e-13
2.65412e-10 7.09109e-20 8.60026e-13
2.65443e-10 7.09276e-20 8.59255e-13
2.65425e-10 7.09174e-20 8.58093e-13
2.65407e-10 7.09074e-20 8.56929e-13
2.65397e-10 7.09014e-20 8.55643e-13
2.65433e-10 7.09206e-20 8.55065e-13
2.65403e-10 7.09043e-20 8.54271e-13
2.6537e-10 7.08867e-20 8.53578e-13
2.65347e-10 7.08742e-20 8.52549e-13
2.6533e-10 7.08646e-20 8.51394e-13
2.65344e-10 7.08714e-20 8.50182e-13
2.65296e-10 7.08469e-20 8.50187e-13
2.65302e-10 7.08493e-20 8.48888e-13
2.65312e-10 7.0854e-20 8.47632e-13
2.65323e-10 7.08593e-20 8.46395e-13
2.65244e-10 7.08207e-20 8.48764e-13
2.65238e-10 7.08167e-20 8.47478e-13
2.65187e-10 7.07907e-20 8.47702e-13
2.6525e-10 7.08259e-20 8.48732e-13
2.65222e-10 7.08107e-20 8.47904e-13
2.65257e-10 7.08295e-20 8.47342e-13
2.65265e-10 7.08329e-20 8.4608e-13
2.6526e-10 7.08297e-20 8.448e-13
2.6528e-10 7.08397e-20 8.43738e-13
2.65217e-10 7.08081e-20 8.44802e-13
2.65311e-10 7.08631e-20 8.48734e-13
2.65318e-10 7.08663e-20 8.47477e-13
2.65324e-10 7.08687e-20 8.46213e-13
2.65298e-10 7.08548e-20 8.45322e-13
2.65275e-10 7.08421e-20 8.44364e-13
2.65262e-10 7.08344e-20 8.43197e-13
2.65233e-10 7.0819e-20 8.42418e-13
2.65283e-10 7.08464e-20 8.42628e-13
2.65276e-10 7.08422e-20 8.41388e-13
2.65281e-10 7.08441e-20 8.4014e-13
2.65294e-10 7.08504e-20 8.38982e-13
2.65261e-10 7.08329e-20 8.38384e-13
2.65277e-10 7.08411e-20 8.37292e-13
2.65286e-10 7.08451e-20 8.3609e-13
2.65288e-10 7.08454e-20 8.34847e-13
2.653e-10 7.08513e-20 8.33695e-13
2.65278e-10 7.0839e-20 8.3276e-13
2.65283e-10 7.0841e-20 8.31541e-13
2.65255e-10 7.0826e-20 8.30783e-13
2.65249e-10 7.08224e-20 8.29573e-13
2.65259e-10 7.08272e-20 8.28412e-13
2.6526e-10 7.08266e-20 8.27191e-13
2.65224e-10 7.08077e-20 8.2676e-13
2.65186e-10 7.07879e-20 8.26416e-13
2.65184e-10 7.07864e-20 8.25205e-13
2.6523e-10 7.08116e-20 8.25281e-13
2.65233e-10 7.08126e-20 8.24079e-13
2.65218e-10 7.08037e-20 8.23025e-13
2.65233e-10 7.08112e-20 8.21963e-13
2.65245e-10 7.08173e-20 8.20862e-13
2.65247e-10 7.08173e-20 8.19669e-13
2.65294e-10 7.08432e-20 8.19837e-13
2.65278e-10 7.08346e-20 8.18789e-13
2.65277e-10 7.08329e-20 8.17606e-13
2.65291e-10 7.08403e-20 8.16559e-13
2.65305e-10 7.08469e-20 8.1549e-13
2.65309e-10 7.08485e-20 8.14326e-13
2.65313e-10 7.08497e-20 8.1316e-13
2.65341e-10 7.08649e-20 8.12503e-13
2.65373e-10 7.08818e-20 8.11957e-13
2.65342e-10 7.08654e-20 8.11378e-13
2.65344e-10 7.08658e-20 8.10219e-13
2.65357e-10 7.08722e-20 8.09167e-13
2.6531e-10 7.0848e-20 8.09399e-13
2.65311e-10 7.08477e-20 8.08245e-13
2.65314e-10 7.08489e-20 8.07103e-13
2.6531e-10 7.08459e-20 8.05968e-13
2.65255e-10 7.08185e-20 8.06658e-13
2.65276e-10 7.08292e-20 8.05786e-13
2.65343e-10 7.0867e-20 8.0739e-13
2.65378e-10 7.08859e-20 8.07016e-13
2.65351e-10 7.08713e-20 8.06335e-13
2.653e-10 7.08457e-20 8.06785e-13
2.65357e-10 7.08775e-20 8.07657e-13
2.65365e-10 7.08812e-20 8.06563e-13
2.65366e-10 7.08809e-20 8.05431e-13
2.65343e-10 7.08683e-20 8.0464e-13
2.65365e-10 7.08801e-20 8.03836e-13
2.65359e-10 7.08763e-20 8.02736e-13
2.65363e-10 7.08775e-20 8.01623e-13
2.65309e-10 7.08503e-20 8.02333e-13
2.65296e-10 7.08431e-20 8.01313e-13
2.65299e-10 7.08439e-20 8.00204e-13
2.65303e-10 7.08453e-20 7.99102e-13
2.65394e-10 7.08992e-20 8.03213e-13
2.6536e-10 7.08814e-20 8.02823e-13
2.65381e-10 7.0892e-20 8.0198e-13
2.65334e-10 7.08681e-20 8.0225e-13
2.65317e-10 7.08586e-20 8.01323e-13
2.65325e-10 7.08624e-20 8.00261e-13
2.65282e-10 7.08403e-20 8.00314e-13
2.65257e-10 7.08267e-20 7.99617e-13
2.65294e-10 7.08467e-20 7.99378e-13
2.653e-10 7.08494e-20 7.98308e-13
2.65302e-10 7.08498e-20 7.97219e-13
2.65302e-10 7.08489e-20 7.96131e-13
2.65241e-10 7.08189e-20 7.97329e-13
2.65232e-10 7.08135e-20 7.96296e-13
2.65223e-10 7.08083e-20 7.9526e-13
2.65235e-10 7.0814e-20 7.94266e-13
2.65273e-10 7.08347e-20 7.94111e-13
2.65272e-10 7.08336e-20 7.93036e-13
2.65343e-10 7.0874e-20 7.95086e-13
2.65337e-10 7.08703e-20 7.94034e-13
2.65349e-10 7.08761e-20 7.93052e-13
2.65337e-10 7.08691e-20 7.92079e-13
2.65311e-10 7.08555e-20 7.91415e-13
2.65317e-10 7.0858e-20 7.90373e-13
2.65291e-10 7.08439e-20 7.89748e-13
2.65287e-10 7.08412e-20 7.887e-13
2.65296e-10 7.08453e-20 7.87694e-13
2.65315e-10 7.08549e-20 7.8687e-13
2.6535e-10 7.08741e-20 7.86622e-13
2.65382e-10 7.0891e-20 7.86206e-13
2.65458e-10 7.09351e-20 7.88832e-13
2.65468e-10 7.09401e-20 7.87854e-13
2.6545e-10 7.09303e-20 7.87008e-13
2.65487e-10 7.09499e-20 7.86794e-13
2.65507e-10 7.09603e-20 7.86012e-13
2.65449e-10 7.09315e-20 7.87103e-13
2.65488e-10 7.0953e-20 7.87058e-13
2.65466e-10 7.0941e-20 7.86336e-13
2.65464e-10 7.09392e-20 7.85304e-13
2.65454e-10 7.09331e-20 7.8434e-13
2.65486e-10 7.09507e-20 7.83992e-13
2.65459e-10 7.09362e-20 7.83439e-13
2.65498e-10 7.09577e-20 7.83408e-13
2.65481e-10 7.09481e-20 7.82579e-13
2.65496e-10 7.09557e-20 7.81705e-13
2.65501e-10 7.09579e-20 7.80703e-13
2.65493e-10 7.09527e-20 7.79735e-13
2.65516e-10 7.09647e-20 7.79056e-13
2.65571e-10 7.09957e-20 7.79994e-13
2.65553e-10 7.0986e-20 7.7918e-13
2.65582e-10 7.10014e-20 7.78705e-13
2.65603e-10 7.10122e-20 7.77978e-13
2.65642e-10 7.10335e-20 7.77954e-13
2.6562e-10 7.10215e-20 7.7727e-13
2.65609e-10 7.10151e-20 7.76347e-13
2.65642e-10 7.10333e-20 7.76083e-13
2.65665e-10 7.10448e-20 7.754e-13
2.65615e-10 7.10199e-20 7.75977e-13
2.65573e-10 7.09983e-20 7.76118e-13
2.65601e-10 7.10132e-20 7.75626e-13
2.6557e-10 7.09968e-20 7.75259e-13
2.6552e-10 7.09714e-20 7.759e-13
2.65504e-10 7.09627e-20 7.7507e-13
2.65449e-10 7.09352e-20 7.76045e-13
2.65451e-10 7.09356e-20 7.7506e-13
2.65446e-10 7.09327e-20 7.74087e-13
2.6542e-10 7.09186e-20 7.73556e-13
2.65453e-10 7.09365e-20 7.73291e-13
2.65449e-10 7.09338e-20 7.72323e-13
2.65457e-10 7.09376e-20 7.71389e-13
2.65416e-10 7.09166e-20 7.715e-13
2.65491e-10 7.09604e-20 7.74193e-13
2.65492e-10 7.096e-20 7.73217e-13
2.65456e-10 7.09416e-20 7.73054e-13
2.65447e-10 7.09359e-20 7.72143e-13
2.65417e-10 7.09203e-20 7.71744e-13
2.65425e-10 7.09242e-20 7.70821e-13
2.65418e-10 7.09198e-20 7.69889e-13
2.65416e-10 7.0918e-20 7.68929e-13
2.65408e-10 7.09132e-20 7.68011e-13
2.65415e-10 7.09166e-20 7.67087e-13
2.65425e-10 7.09212e-20 7.66192e-13
2.65419e-10 7.09177e-20 7.65258e-13
2.6544e-10 7.09287e-20 7.64597e-13
2.65413e-10 7.09139e-20 7.64157e-13
2.6544e-10 7.09285e-20 7.63704e-13
2.65448e-10 7.09323e-20 7.62802e-13
2.65464e-10 7.09402e-20 7.62019e-13
2.65472e-10 7.0944e-20 7.61121e-13
2.6543e-10 7.09227e-20 7.61322e-13
2.65435e-10 7.09248e-20 7.60399e-13
2.65423e-10 7.09181e-20 7.59554e-13
2.65412e-10 7.09114e-20 7.5871e-13
2.65382e-10 7.08959e-20 7.58356e-13
2.65401e-10 7.09056e-20 7.5766e-13
2.65375e-10 7.08916e-20 7.57192e-13
2.65379e-10 7.08931e-20 7.56277e-13
2.65348e-10 7.0877e-20 7.55977e-13
2.65418e-10 7.09178e-20 7.58312e-13
2.6538e-10 7.08981e-20 7.58354e-13
2.65361e-10 7.08879e-20 7.5766e-13
2.65461e-10 7.09485e-20 7.63295e-13
2.65515e-10 7.09788e-20 7.64259e-13
2.65534e-10 7.09887e-20 7.63572e-13
2.65507e-10 7.09743e-20 7.63129e-13
2.65489e-10 7.09644e-20 7.62421e-13
2.6548e-10 7.09595e-20 7.61545e-13
2.65492e-10 7.09652e-20 7.60716e-13
2.655e-10 7.09688e-20 7.59838e-13
2.65541e-10 7.09913e-20 7.60024e-13
2.65525e-10 7.09826e-20 7.59271e-13
2.65503e-10 7.09707e-20 7.58682e-13
2.655e-10 7.09683e-20 7.57779e-13
2.65463e-10 7.09495e-20 7.57745e-13
2.65464e-10 7.09496e-20 7.56839e-13
2.65456e-10 7.09444e-20 7.55985e-13
2.65421e-10 7.09264e-20 7.55889e-13
2.65418e-10 7.09242e-20 7.54994e-13
2.65417e-10 7.09233e-20 7.54095e-13
2.65408e-10 7.0918e-20 7.5325e-13
2.65418e-10 7.09228e-20 7.52422e-13
2.65454e-10 7.09427e-20 7.52404e-13
2.65447e-10 7.0938e-20 7.51553e-13
2.65423e-10 7.09254e-20 7.51029e-13
2.65477e-10 7.09562e-20 7.52106e-13
2.65488e-10 7.09613e-20 7.51291e-13
2.6547e-10 7.09515e-20 7.5062e-13
2.65441e-10 7.09362e-20 7.50297e-13
2.65451e-10 7.09409e-20 7.49477e-13
2.65423e-10 7.09265e-20 7.49095e-13
2.65415e-10 7.09218e-20 7.48256e-13
2.65401e-10 7.09136e-20 7.47525e-13
2.65426e-10 7.09269e-20 7.4707e-13
2.65467e-10 7.09496e-20 7.47331e-13
2.65418e-10 7.09252e-20 7.48055e-13
2.65424e-10 7.0928e-20 7.47208e-13
2.65447e-10 7.09401e-20 7.46693e-13
2.65416e-10 7.09236e-20 7.46499e-13
2.65415e-10 7.09225e-20 7.45631e-13
2.65411e-10 7.09199e-20 7.44774e-13
2.65405e-10 7.09164e-20 7.43931e-13
2.65373e-10 7.08997e-20 7.43762e-13
2.65382e-10 7.0904e-20 7.42957e-13
2.65347e-10 7.08861e-20 7.42911e-13
2.65372e-10 7.08989e-20 7.42447e-13
2.65401e-10 7.09145e-20 7.42162e-13
2.65414e-10 7.09214e-20 7.41433e-13
2.65438e-10 7.09337e-20 7.40945e-13
2.65442e-10 7.09353e-20 7.40104e-13
2.65426e-10 7.09269e-20 7.39411e-13
2.65425e-10 7.09257e-20 7.38563e-13
2.65433e-10 7.0929e-20 7.37752e-13
2.65439e-10 7.09318e-20 7.36934e-13
2.65413e-10 7.09181e-20 7.36551e-13
2.65398e-10 7.091e-20 7.35854e-13
2.65441e-10 7.09336e-20 7.36243e-13
2.65427e-10 7.09259e-20 7.35533e-13
2.65465e-10 7.09469e-20 7.3569e-13
2.65501e-10 7.09665e-20 7.35726e-13
2.65476e-10 7.09532e-20 7.35319e-13
2.65457e-10 7.09432e-20 7.34716e-13
2.65468e-10 7.09482e-20 7.33955e-13
2.65449e-10 7.09379e-20 7.33369e-13
2.65428e-10 7.09265e-20 7.32847e-13
2.65441e-10 7.09331e-20 7.32136e-13
2.65472e-10 7.09499e-20 7.31967e-13
2.65461e-10 7.09436e-20 7.31224e-13
2.65414e-10 7.09201e-20 7.31913e-13
2.6544e-10 7.09342e-20 7.31566e-13
2.6542e-10 7.09234e-20 7.31015e-13
2.65435e-10 7.09313e-20 7.30358e-13
2.65436e-10 7.09311e-20 7.29539e-13
2.65432e-10 7.09283e-20 7.28735e-13
2.65452e-10 7.09389e-20 7.28202e-13
2.65462e-10 7.09436e-20 7.27453e-13
2.6545e-10 7.09369e-20 7.26738e-13
2.6543e-10 7.09262e-20 7.26198e-13
2.65431e-10 7.09262e-20 7.2539e-13
2.65419e-10 7.09192e-20 7.24692e-13
2.65421e-10 7.09198e-20 7.2389e-13
2.654e-10 7.09087e-20 7.23381e-13
2.65377e-10 7.08964e-20 7.22952e-13
2.65352e-10 7.08831e-20 7.22588e-13
2.65319e-10 7.08663e-20 7.2252e-13
2.65313e-10 7.08625e-20 7.21749e-13
2.65357e-10 7.08868e-20 7.22264e-13
2.65384e-10 7.09012e-20 7.21971e-13
2.65377e-10 7.0897e-20 7.21211e-13
2.65416e-10 7.09189e-20 7.21501e-13
2.65432e-10 7.09273e-20 7.20893e-13
2.65398e-10 7.09094e-20 7.20943e-13
2.6541e-10 7.09154e-20 7.20254e-13
2.65413e-10 7.09165e-20 7.19472e-13
2.65395e-10 7.09068e-20 7.18903e-13
2.65398e-10 7.09081e-20 7.18126e-13
2.65418e-10 7.09186e-20 7.17619e-13
2.65417e-10 7.09177e-20 7.16837e-13
2.65411e-10 7.09136e-20 7.16089e-13
2.65415e-10 7.09152e-20 7.15321e-13
2.65416e-10 7.09156e-20 7.14546e-13
2.65411e-10 7.09122e-20 7.13792e-13
2.6542e-10 7.09163e-20 7.13071e-13
2.65428e-10 7.09202e-20 7.12344e-13
2.65396e-10 7.0904e-20 7.12258e-13
2.65352e-10 7.08819e-20 7.12855e-13
2.65411e-10 7.09155e-20 7.14477e-13
2.65405e-10 7.09121e-20 7.13728e-13
2.65417e-10 7.09182e-20 7.13062e-13
2.6544e-10 7.09305e-20 7.12673e-13
2.65424e-10 7.09215e-20 7.12096e-13
2.65396e-10 7.0907e-20 7.11871e-13
2.65394e-10 7.09051e-20 7.11112e-13
2.65421e-10 7.092e-20 7.10889e-13
2.65408e-10 7.09123e-20 7.10265e-13
2.65421e-10 7.09192e-20 7.09635e-13
2.65417e-10 7.09165e-20 7.0889e-13
2.65464e-10 7.09432e-20 7.09712e-13
2.655e-10 7.0963e-20 7.0987e-13
2.65512e-10 7.09691e-20 7.09219e-13
2.65501e-10 7.09629e-20 7.08548e-13
2.65491e-10 7.09569e-20 7.07876e-13
2.65498e-10 7.09603e-20 7.07161e-13
2.65468e-10 7.09449e-20 7.07027e-13
2.65437e-10 7.09284e-20 7.07001e-13
2.65483e-10 7.09549e-20 7.07807e-13
2.65484e-10 7.09546e-20 7.0706e-13
2.65452e-10 7.09382e-20 7.07025e-13
2.65453e-10 7.09383e-20 7.0628e-13
2.65442e-10 7.09319e-20 7.05626e-13
2.65429e-10 7.09249e-20 7.04995e-13
2.65441e-10 7.0931e-20 7.04357e-13
2.65524e-10 7.09808e-20 7.08449e-13
2.65515e-10 7.09756e-20 7.07762e-13
2.65526e-10 7.09813e-20 7.07112e-13
2.65574e-10 7.10085e-20 7.08002e-13
2.65593e-10 7.10182e-20 7.07505e-13
2.65588e-10 7.1015e-20 7.06785e-13
2.65595e-10 7.10183e-20 7.06082e-13
2.65597e-10 7.10188e-20 7.05348e-13
2.65582e-10 7.10106e-20 7.0477e-13
2.65609e-10 7.1025e-20 7.0454e-13
2.65604e-10 7.1022e-20 7.03824e-13
2.65628e-10 7.10349e-20 7.03506e-13
2.6562e-10 7.10302e-20 7.02823e-13
2.65623e-10 7.10312e-20 7.02101e-13
2.65604e-10 7.1021e-20 7.01633e-13
2.65583e-10 7.10099e-20 7.01213e-13
2.65587e-10 7.10115e-20 7.005e-13
2.65585e-10 7.10097e-20 6.99781e-13
2.65562e-10 7.09979e-20 6.99414e-13
2.65574e-10 7.10036e-20 6.98786e-13
2.65555e-10 7.09937e-20 6.98309e-13
2.6555e-10 7.09903e-20 6.97613e-13
2.65546e-10 7.09879e-20 6.96907e-13
2.65573e-10 7.10023e-20 6.96702e-13
2.65583e-10 7.10072e-20 6.9606e-13
2.65583e-10 7.10068e-20 6.95348e-13
2.65568e-10 7.09987e-20 6.94794e-13
2.65571e-10 7.09995e-20 6.9409e-13
2.65536e-10 7.09819e-20 6.9424e-13
2.65524e-10 7.09749e-20 6.93645e-13
2.65489e-10 7.09572e-20 6.93808e-13
2.65493e-10 7.09589e-20 6.93115e-13
2.65472e-10 7.09474e-20 6.92752e-13
2.65447e-10 7.09345e-20 6.92482e-13
2.65461e-10 7.09417e-20 6.91924e-13
2.65474e-10 7.09483e-20 6.91345e-13
2.65453e-10 7.09371e-20 6.90966e-13
2.65469e-10 7.09454e-20 6.90453e-13
2.65486e-10 7.09543e-20 6.89969e-13
2.65496e-10 7.0959e-20 6.8934e-13
2.65512e-10 7.09674e-20 6.88839e-13
2.65504e-10 7.09625e-20 6.882e-13
2.6552e-10 7.09712e-20 6.87714e-13
2.65523e-10 7.09723e-20 6.87029e-13
2.65549e-10 7.0986e-20 6.86816e-13
2.65537e-10 7.09793e-20 6.86234e-13
2.65494e-10 7.09578e-20 6.86903e-13
2.6548e-10 7.09503e-20 6.86349e-13
