100 0.290849 0 0
100 0.355482 0 0
100 0.420115 0 0
100 0.484748 0 0
100 0.549381 0 0
100 0.614014 0 0
100 0.678647 0 0
100 0.74328 0 0
100 0.807913 0 0
100 0.872546 0 0
100 0.937179 0 0
100 1.00181 0.000825084 0.000359333
100 1.06645 0.158617 0.00698771
100 1.13108 1.06108 0.0245256
100 1.19571 1.9482 0.0367311
100 1.26034 2.1095 0.0414398
100 1.32498 1.96345 0.0333541
100 1.38961 1.76265 0.0290921
100 1.45424 1.59986 0.0268923
100 1.51888 1.43271 0.0267673
100 1.58351 1.28414 0.0247365
100 1.64814 1.20996 0.0212152
100 1.71278 1.14405 0.0193948
100 1.77741 1.09209 0.019573
100 1.84204 1.08087 0.0160824
100 1.90667 1.0332 0.0146069
100 1.97131 1.00449 0.0145046
100 2.03594 1.02982 0.0172273
100 2.10057 1.01509 0.0179062
100 2.16521 1.01942 0.0158577
100 2.22984 0.985875 0.0150394
100 2.29447 1.01302 0.0145253
100 2.35911 1.00748 0.0139102
100 2.42374 1.00137 0.0136411
100 2.48837 1.01434 0.0128526
100 2.55301 1.0058 0.0121504
100 2.61764 0.99806 0.0109672
100 2.68227 1.00631 0.0119172
100 2.7469 0.994608 0.0109598
100 2.81154 0.995847 0.0105811
100 2.87617 0.992488 0.00982497
100 2.9408 1.00385 0.00887629
100 3.00544 1.00352 0.00966736
100 3.07007 0.99498 0.0104171
100 3.1347 1.00662 0.0108595
100 3.19934 0.999453 0.0111056
100 3.26397 0.99634 0.00978142
100 3.3286 1.00365 0.00917197
100 3.39323 0.998541 0.00845991
100 3.45787 1.00872 0.00900148
100 3.5225 1.01696 0.00861951
100 3.58713 1.00634 0.00926383
100 3.65177 1.02377 0.0097932
100 3.7164 1.01452 0.00890119
100 3.78103 1.01662 0.0079486
100 3.84567 1.01314 0.00783103
100 3.9103 0.994262 0.00846868
100 3.97493 1.01184 0.00761098
100 4.03957 0.99965 0.00786194
100 4.1042 0.997386 0.00742345
100 4.16883 1.00285 0.00855448
100 4.23346 1.0134 0.00764326
100 4.2981 1.02161 0.00703897
100 4.36273 1.01195 0.00721143
100 4.42736 1.02068 0.00735486
100 4.492 1.0152 0.00728244
100 4.55663 1.02829 0.00671899
100 4.62126 1.02432 0.00626364
100 4.6859 1.02032 0.00660771
100 4.75053 1.02262 0.00597723
100 4.81516 1.02605 0.0061702
100 4.87979 1.02208 0.00643571
100 4.94443 1.02266 0.0058772
100 5.00906 1.02333 0.00599868
100 5.07369 1.02147 0.00667704
100 5.13833 1.02918 0.00684073
100 5.20296 1.02709 0.00697946
100 5.26759 1.02208 0.00640273
100 5.33223 1.01828 0.00632827
100 5.39686 1.01997 0.00603274
100 5.46149 1.02651 0.00587045
100 5.52612 1.01644 0.00603655
100 5.59076 1.02186 0.00530586
100 5.65539 1.03108 0.00504836
100 5.72002 1.03474 0.00477114
100 5.78466 1.03378 0.00461039
100 5.84929 1.02848 0.00516742
100 5.91392 1.0337 0.00512271
100 5.97856 1.0285 0.00472754
100 6.04319 1.02546 0.00523683
100 6.10782 1.03372 0.00528583
100 6.17246 1.03359 0.00509783
100 6.23709 1.04707 0.0056089
100 6.30172 1.04166 0.00516223
100 6.36635 1.03569 0.00472397
100 6.43099 1.03052 0.00471976
100 6.49562 1.03661 0.00446389
100 6.56025 1.03873 0.00402729
100 6.62489 1.01618 0.00436172
100 6.68952 0.987152 0.0039796
