-0.583568 0.340552 0
-0.583552 0.340533 1.6e-05
-0.583171 0.340088 0.000381445
-0.582708 0.339549 0.000535547
-0.582366 0.339152 0.00053738
-0.582636 0.339466 0.000514978
-0.582949 0.339831 0.000535846
-0.583039 0.339936 0.000472785
-0.583249 0.340181 0.000466805
-0.583066 0.339968 0.000455662
-0.58307 0.339972 0.000412176
-0.583107 0.340016 0.000378129
-0.583052 0.339951 0.000352153
-0.583237 0.340167 0.00037478
-0.583168 0.340087 0.000355686
-0.583096 0.340003 0.000340415
-0.58303 0.339926 0.000326481
-0.582868 0.339737 0.000348099
-0.583046 0.339945 0.000374463
-0.583088 0.339994 0.000357734
-0.583119 0.34003 0.000341703
-0.583154 0.340071 0.00032767
-0.583185 0.340107 0.000314617
-0.583192 0.340115 0.000301303
-0.583093 0.34 0.000305447
-0.582972 0.339859 0.000317594
-0.582934 0.339815 0.000307894
-0.583019 0.339913 0.000308451
-0.582991 0.339881 0.000298909
-0.582923 0.339802 0.000296663
-0.582868 0.339738 0.000292169
-0.582897 0.339771 0.000284362
-0.582883 0.339755 0.000275933
-0.582807 0.339667 0.000278301
-0.582898 0.339773 0.000285141
-0.582925 0.339805 0.000278424
-0.582914 0.339791 0.000271043
-0.582891 0.339764 0.000264832
-0.582847 0.339713 0.000261569
-0.582759 0.339611 0.00026983
-0.582788 0.339645 0.000264836
-0.58281 0.33967 0.000259339
-0.582856 0.339724 0.000257431
-0.58288 0.339752 0.000252637
-0.582842 0.339707 0.000249872
-0.582854 0.339721 0.000244672
-0.582817 0.339678 0.000242236
-0.582859 0.339728 0.00024091
-0.582883 0.339755 0.00023712
-0.582886 0.339758 0.000232342
-0.582853 0.33972 0.00023006
-0.582827 0.33969 0.000227079
-0.582825 0.339687 0.000222767
-0.58274 0.339589 0.000234457
-0.58278 0.339635 0.000233593
-0.582815 0.339676 0.000232028
-0.582848 0.339714 0.000230278
-0.58283 0.339694 0.00022695
-0.582793 0.339651 0.000226137
-0.582803 0.339663 0.000222579
-0.582775 0.33963 0.000220665
-0.582783 0.339639 0.000217206
-0.582789 0.339646 0.000213811
-0.582784 0.33964 0.000210508
-0.582799 0.339657 0.000207805
-0.582796 0.339654 0.000204651
-0.582813 0.339673 0.000202251
-0.582768 0.339621 0.000204197
-0.582803 0.339662 0.000204181
-0.582768 0.339622 0.000204187
-0.582788 0.339645 0.000202254
-0.582771 0.339625 0.000200144
-0.582802 0.339662 0.000199884
-0.582811 0.339671 0.000197334
-0.582803 0.339663 0.000194822
-0.582809 0.339669 0.000192327
-0.582831 0.339695 0.000191061
-0.58286 0.339729 0.000190881
-0.582847 0.339714 0.000188906
-0.582838 0.339703 0.000186732
-0.582867 0.339737 0.000186611
-0.582861 0.33973 0.000184415
-0.582872 0.339742 0.000182479
-0.582848 0.339715 0.000181772
-0.582818 0.339679 0.000182207
-0.582846 0.339712 0.00018228
-0.582839 0.339704 0.000180322
-0.582847 0.339714 0.000178466
-0.582865 0.339734 0.000177319
-0.582863 0.339732 0.000175351
-0.58288 0.339752 0.000174251
-0.582863 0.339732 0.000173196
-0.582843 0.339708 0.0001725
-0.582842 0.339707 0.000170657
-0.582821 0.339683 0.000170099
-0.582788 0.339645 0.000171469
-0.582786 0.339642 0.000169714
-0.582809 0.339669 0.000169597
-0.582825 0.339688 0.000168635
-0.582841 0.339706 0.000167674
