-0.581488 0.338128 0
-0.583232 0.340163 0.001744
-0.582763 0.339615 0.00111091
-0.582196 0.338955 0.000968592
-0.582099 0.338842 0.000756487
-0.582788 0.339646 0.000925181
-0.582904 0.339781 0.000790479
-0.582582 0.339406 0.000756522
-0.582756 0.339609 0.000689618
-0.582953 0.339838 0.000647313
-0.582935 0.339817 0.000585779
-0.583041 0.33994 0.000545028
-0.58323 0.340161 0.000535966
-0.583261 0.340196 0.00049714
-0.583253 0.340187 0.000462869
-0.583248 0.340182 0.000433001
-0.583173 0.340094 0.000413649
-0.583126 0.340038 0.000392862
-0.58312 0.340032 0.000371649
-0.583008 0.339901 0.000369945
-0.583117 0.340029 0.000368364
-0.583039 0.339938 0.000359791
-0.583091 0.339998 0.000347733
-0.583137 0.340051 0.000335982
-0.583106 0.340015 0.000323696
-0.583098 0.340005 0.000311119
-0.582944 0.339826 0.000336586
-0.582795 0.339653 0.000356866
-0.582664 0.339501 0.000368268
-0.582669 0.339507 0.00035581
-0.582678 0.339518 0.000344276
-0.5827 0.339543 0.000334072
-0.582704 0.339548 0.000323812
-0.582683 0.339522 0.000314889
-0.582762 0.339615 0.000315919
-0.582728 0.339576 0.000308852
-0.582671 0.339509 0.000305848
-0.582661 0.339497 0.000297868
-0.582658 0.339494 0.000290139
-0.582504 0.339314 0.00032232
-0.582613 0.339442 0.000332877
-0.582671 0.33951 0.000329954
-0.582729 0.339578 0.00032748
-0.582718 0.339565 0.000320151
-0.582736 0.339585 0.000313452
-0.582728 0.339576 0.000306667
-0.582716 0.339562 0.000300307
-0.582709 0.339554 0.000294062
-0.58277 0.339625 0.000294277
-0.582748 0.3396 0.000289118
-0.582806 0.339667 0.000289257
-0.582802 0.339663 0.000283666
-0.582786 0.339644 0.000278725
-0.582745 0.339596 0.000276627
-0.582826 0.33969 0.000283249
-0.582769 0.339624 0.000283817
-0.582767 0.339621 0.000278804
-0.582758 0.339611 0.000274092
-0.582797 0.339656 0.000272168
-0.582779 0.339635 0.000268203
-0.582785 0.339642 0.000263841
-0.58279 0.339648 0.000259599
-0.582764 0.339618 0.000256765
-0.582759 0.339612 0.000252769
-0.582791 0.33965 0.000250949
-0.582735 0.339584 0.000253542
-0.582661 0.339498 0.000260296
-0.582635 0.339468 0.00025781
-0.582647 0.339482 0.000254352
-0.582609 0.339437 0.000253632
-0.582588 0.339413 0.000250902
-0.582586 0.339411 0.000247399
-0.582572 0.339395 0.000244366
-0.582588 0.339414 0.000241583
-0.582583 0.339407 0.000238408
-0.582541 0.339359 0.000238857
-0.582548 0.339366 0.000235815
-0.582546 0.339364 0.000232777
-0.582555 0.339375 0.000229999
-0.582581 0.339405 0.000228607
-0.582558 0.339378 0.000226985
-0.582539 0.339356 0.000224979
-0.582541 0.339358 0.000222255
-0.582532 0.339348 0.000219751
-0.582547 0.339365 0.000217675
-0.58257 0.339392 0.000216339
-0.582586 0.33941 0.000214413
-0.582572 0.339394 0.000212426
-0.582623 0.339453 0.000216132
-0.582614 0.339443 0.000213891
-0.582632 0.339464 0.000212258
-0.582636 0.339468 0.000209972
-0.582637 0.339469 0.000207704
-0.582654 0.339489 0.000206176
-0.58271 0.339556 0.00021175
-0.582688 0.33953 0.0002107
-0.582705 0.339549 0.000209167
-0.582729 0.339577 0.000208465
-0.582718 0.339564 0.00020665
-0.582721 0.339568 0.000204602
