0.5 -0.973404 0.013166
0.6 -0.935947 0.0124431
0.7 -0.891136 0.00744284
0.8 -0.847931 0.00320541
0.9 -0.805093 0.0017797
1 -0.761841 0.00116064
1.1 -0.720697 0.000524846
1.2 -0.682739 0.000342726
1.3 -0.646334 0.000363358
1.4 -0.613535 0.000265453
1.5 -0.582527 0.000186164
1.6 -0.554373 0.000120401
1.7 -0.528159 0.000109769
1.8 -0.504332 8.09799e-05
1.9 -0.482456 6.80103e-05
2 -0.46232 6.26565e-05
2.1 -0.443747 5.84363e-05
2.2 -0.426139 6.44901e-05
2.3 -0.409685 6.05628e-05
2.4 -0.394443 5.75475e-05
