0.5 -0.974717 0.0112163
0.6 -0.934342 0.00771956
0.7 -0.892274 0.00471617
0.8 -0.848502 0.00266584
0.9 -0.805056 0.00137216
1 -0.761733 0.000634733
1.1 -0.720614 0.000381509
1.2 -0.683018 0.000256361
1.3 -0.646593 0.000294006
1.4 -0.612555 0.000219708
1.5 -0.582851 0.00015951
1.6 -0.554554 0.000126016
1.7 -0.527567 8.29629e-05
1.8 -0.504289 0.000102477
1.9 -0.482486 8.72287e-05
2 -0.462444 7.14782e-05
2.1 -0.443598 5.52e-05
2.2 -0.4258 5.11056e-05
2.3 -0.409363 4.4135e-05
2.4 -0.394095 5.00928e-05
