0.955239 0.912482 nan
0.985982 0.973106 0.0307433
0.977533 0.956343 0.0196583
0.982186 0.965334 0.0146587
0.987136 0.97505 0.0123865
0.989441 0.979532 0.010373
0.991541 0.983641 0.00901472
0.98916 0.978904 0.00816196
0.992662 0.985891 0.0080049
0.996673 0.993964 0.00820673
0.998338 0.997257 0.00760766
0.99904 0.998616 0.00698016
0.997035 0.994622 0.00672644
0.999562 0.999711 0.00672057
0.998212 0.997001 0.00640046
0.997069 0.994703 0.00609527
0.995622 0.991821 0.00590542
1.00009 1.00104 0.00713807
0.999565 0.999956 0.00677222
1.0011 1.00304 0.00660644
1.00032 1.00144 0.00633258
1.00223 1.0053 0.006331
1.00177 1.00436 0.00606639
1 1.00085 0.0060721
1.00087 1.00257 0.00588834
1.00107 1.00293 0.00566077
0.99928 0.999414 0.00573259
0.998349 0.997548 0.00560186
0.999244 0.999328 0.00547873
0.999164 0.999141 0.00529356
0.999227 0.99924 0.00512034
0.998609 0.997994 0.00499602
0.998728 0.998209 0.00484372
0.999235 0.999208 0.00472632
0.998235 0.997224 0.00469689
0.998042 0.996818 0.00456865
0.998825 0.998385 0.00451198
0.998337 0.9974 0.00441867
1.00011 1.00104 0.00465343
1.00172 1.00434 0.00481272
1.00305 1.00706 0.00487954
1.0019 1.00479 0.00489839
1.0019 1.00477 0.00478312
1.00127 1.00349 0.00471608
1.00099 1.00293 0.00461814
1.00067 1.00226 0.0045283
1.00106 1.00302 0.00444777
0.998931 0.998966 0.00484485
0.998616 0.998319 0.00475538
0.998771 0.998609 0.00466189
0.998667 0.998381 0.00457075
0.996435 0.994162 0.00500697
0.996543 0.994352 0.00491276
0.996138 0.993531 0.00483789
0.996623 0.994489 0.00477388
0.997012 0.99525 0.00470392
0.997236 0.995679 0.00462611
0.997296 0.995778 0.00454605
0.996432 0.994079 0.00455109
0.996114 0.993431 0.00448588
0.997003 0.995231 0.00450037
0.997469 0.996153 0.00445163
0.998084 0.997386 0.0044234
0.997271 0.995786 0.00442901
0.997908 0.997063 0.00440661
0.997248 0.995757 0.0043892
0.99819 0.997676 0.00442461
0.997898 0.997079 0.00436887
0.99758 0.996434 0.00431677
0.998563 0.998443 0.00436656
0.998714 0.998729 0.0043073
0.998659 0.9986 0.00424742
0.998812 0.998891 0.00419165
0.998887 0.999024 0.0041353
0.998361 0.997978 0.00411354
0.999008 0.999283 0.00411018
0.998977 0.999206 0.00405656
0.998279 0.997833 0.00406469
0.998371 0.998002 0.00401397
0.99848 0.998204 0.00396497
0.997727 0.99673 0.00398755
0.998591 0.998502 0.00403242
0.998275 0.997862 0.00399607
0.999095 0.99954 0.00403243
0.999594 1.00054 0.00401583
1.00005 1.00146 0.00399536
1.00029 1.00193 0.00395627
0.999552 1.00048 0.00398016
0.999721 1.00081 0.00393884
0.9998 1.00095 0.00389563
1.00013 1.00161 0.00386668
1.00054 1.00243 0.00384625
1.00088 1.0031 0.00381975
1.00077 1.00286 0.00378054
1.00037 1.00207 0.00376165
0.999598 1.00057 0.00380124
0.999101 0.999585 0.00379453
0.999339 1.00005 0.00376317
0.999642 1.00065 0.00373725
0.999257 0.999884 0.0037197
0.999595 1.00056 0.00369816
0.999781 1.00092 0.00366647
1.00002 1.00138 0.00363831
1.0003 1.00195 0.00361457
1.00079 1.00293 0.00361256
1.00098 1.0033 0.00358322
1.00104 1.00341 0.00355013
1.00113 1.00359 0.00351831
1.0012 1.00372 0.00348669
1.00121 1.00372 0.00345485
1.00125 1.00378 0.00342377
1.00145 1.00418 0.003399
1.0019 1.0051 0.00339956
1.00259 1.00652 0.00343832
1.00281 1.00696 0.00341577
1.00274 1.00682 0.00338686
1.00315 1.00764 0.00338234
1.003 1.00734 0.00335682
1.00238 1.00613 0.00338573
1.00256 1.00648 0.00336217
1.00267 1.00668 0.00333594
1.00257 1.00648 0.00330987
1.0027 1.00671 0.00328514
1.0026 1.00651 0.00326004
1.00271 1.00673 0.00323592
1.00254 1.00637 0.00321501
1.00269 1.00667 0.00319327
1.00283 1.00695 0.00317144
1.00307 1.00742 0.00315546
1.00269 1.00666 0.00315396
1.00219 1.00569 0.00316856
1.00168 1.00469 0.00318655
1.00159 1.00451 0.00316363
1.00141 1.00414 0.00314502
1.00053 1.00247 0.00324452
1.00053 1.00246 0.00322058
1.00072 1.00284 0.00320291
1.00059 1.00257 0.0031824
1.00071 1.00281 0.0031618
1.00054 1.00246 0.00314389
1 1.00141 0.00316796
1 1.0014 0.00314557
1.00026 1.00191 0.00313389
0.999955 1.00131 0.00312665
1.00021 1.00181 0.00311521
1.00023 1.00185 0.00309389
1.00023 1.00185 0.00307277
1.0002 1.00177 0.00305214
1.00017 1.0017 0.00303171
0.999314 1.00009 0.00313139
0.99948 1.00042 0.003115
0.99928 1.00001 0.00310089
0.999152 0.99975 0.0030832
0.998673 0.998819 0.00310035
0.999034 0.999549 0.0031013
0.999544 1.0006 0.00312338
0.999499 1.0005 0.00310374
0.999315 1.00013 0.00308952
0.999552 1.0006 0.00307915
0.999646 1.00078 0.00306127
0.999589 1.00066 0.00304272
0.99969 1.00085 0.00302558
0.999111 0.999742 0.00306227
0.999058 0.999627 0.003044
0.999101 0.999705 0.0030258
0.999108 0.999709 0.00300753
0.999138 0.999761 0.00298962
0.998822 0.999137 0.00298854
0.998969 0.999425 0.00297443
0.998818 0.999118 0.00296075
0.998643 0.998766 0.00294854
0.999074 0.999651 0.0029629
0.999031 0.999555 0.00294605
0.998648 0.998808 0.00295393
0.998274 0.998077 0.00296072
0.998231 0.997982 0.00294417
0.998259 0.99803 0.00292762
0.998362 0.998229 0.00291295
0.998451 0.9984 0.002898
0.998566 0.998623 0.00288414
0.998589 0.998661 0.00286825
0.998685 0.998846 0.00285406
0.999098 0.999695 0.00286832
0.99881 0.999126 0.00286719
0.998643 0.99879 0.00285653
0.998557 0.99861 0.00284245
0.998244 0.997995 0.0028445
0.998495 0.998502 0.00284051
0.998414 0.998332 0.00282663
0.998341 0.99818 0.00281264
0.998368 0.998226 0.00279801
0.998316 0.998115 0.00278388
0.998457 0.998393 0.00277301
0.998475 0.998422 0.00275874
0.998475 0.998414 0.00274456
0.998544 0.998545 0.00273138
0.998744 0.998945 0.00272482
0.998983 0.999426 0.00272153
0.999189 0.999838 0.00271562
0.999068 0.999593 0.00270471
0.998897 0.999249 0.00269666
0.998932 0.999312 0.00268351
0.99885 0.999143 0.00267152
0.998973 0.999384 0.00266122
0.998963 0.999358 0.00264823
0.998819 0.999068 0.00263927
0.998791 0.999005 0.00262664
0.998994 0.999412 0.00262182
0.999027 0.999472 0.00260946
0.999079 0.999569 0.00259752
0.999329 1.00007 0.0025972
0.999266 0.999944 0.00258567
0.999181 0.999767 0.00257493
0.999179 0.999758 0.00256287
0.999195 0.999782 0.00255097
0.999459 1.00032 0.00255285
0.999648 1.0007 0.00254809
0.999658 1.00071 0.00253639
0.999741 1.00087 0.00252614
0.999762 1.00091 0.00251472
0.999795 1.00097 0.00250353
0.999908 1.00119 0.00249479
1.00017 1.00172 0.00249715
1.00021 1.0018 0.00248636
1.00032 1.00202 0.00247771
0.999926 1.00126 0.00249818
0.999812 1.00103 0.00248974
0.9996 1.00061 0.00248784
0.999476 1.00035 0.00248008
0.999167 0.999752 0.00248857
0.999192 0.999797 0.0024779
0.999112 0.999633 0.00246848
0.998982 0.99937 0.00246134
0.999054 0.99951 0.00245186
0.998772 0.998958 0.00245767
0.998602 0.998619 0.00245313
0.998486 0.998386 0.0024455
0.998609 0.998629 0.0024383
0.998681 0.998768 0.00242914
0.998876 0.999162 0.00242688
0.998744 0.998897 0.00242039
0.998549 0.998509 0.00241829
0.998558 0.998523 0.00240834
0.998873 0.999168 0.00241894
0.998735 0.998892 0.00241298
0.998926 0.999277 0.00241073
0.9991 0.999626 0.00240721
0.999403 1.00025 0.00241665
0.999328 1.00009 0.00240812
0.999186 0.99981 0.00240266
0.999223 0.999878 0.00239335
0.999319 1.00007 0.00238577
0.999347 1.00012 0.00237649
0.999216 0.999855 0.00237073
0.999244 0.999905 0.00236157
0.999056 0.999533 0.00235982
0.999174 0.999766 0.00235357
0.999076 0.999567 0.00234649
0.998929 0.999275 0.00234199
0.998962 0.999335 0.00233319
0.998973 0.999352 0.00232426
0.999012 0.999424 0.0023157
0.998913 0.999224 0.00230901
0.998827 0.999048 0.00230185
0.998896 0.999183 0.00229419
0.998628 0.998661 0.00230123
0.998749 0.998902 0.00229581
0.998545 0.998501 0.00229629
0.998493 0.998391 0.00228835
0.998329 0.998067 0.00228569
0.998379 0.998161 0.00227778
0.998358 0.998114 0.00226949
0.998334 0.998061 0.00226128
0.998382 0.998153 0.00225353
0.998098 0.997603 0.0022632
0.998261 0.997931 0.00226088
0.998072 0.997558 0.00226063
0.99813 0.99767 0.00225323
0.998173 0.99775 0.00224554
0.998245 0.99789 0.00223867
0.998099 0.9976 0.00223545
0.997762 0.996955 0.00225278
0.997801 0.997029 0.00224515
0.997848 0.997119 0.00223773
0.998009 0.99744 0.0022356
0.997704 0.996855 0.00224842
0.99731 0.996107 0.00227508
0.997553 0.996603 0.00228013
0.997485 0.996464 0.00227323
0.997331 0.996158 0.00227064
0.997359 0.99621 0.002263
0.997392 0.996271 0.00225547
0.997454 0.996391 0.00224862
0.997563 0.996607 0.00224362
0.997609 0.996695 0.00223647
0.997474 0.996426 0.002233
0.997503 0.996477 0.00222564
0.99734 0.996157 0.00222408
0.997445 0.996364 0.0022191
0.997573 0.99662 0.00221541
