0.965534 0.932256 nan
0.969031 0.939034 0.00349702
0.966625 0.934383 0.00314135
0.976387 0.953632 0.0100117
0.983928 0.968582 0.0108172
0.982796 0.966285 0.00890438
0.984536 0.969668 0.00772393
0.981442 0.96361 0.00736961
0.980726 0.962166 0.00653873
0.982086 0.964818 0.00600444
0.978158 0.957242 0.00670296
0.979718 0.960286 0.00631475
0.979059 0.958966 0.00584602
0.981943 0.964702 0.00613296
0.984658 0.970112 0.00632219
0.984652 0.970065 0.00591387
0.984709 0.970145 0.0055554
0.985318 0.971324 0.00527298
0.986149 0.972951 0.00505657
0.987482 0.975592 0.00497877
0.988868 0.978347 0.0049345
0.990847 0.982324 0.00510392
0.992905 0.986477 0.00529345
0.993639 0.987923 0.00512106
0.994781 0.9902 0.00504285
0.994293 0.989212 0.0048695
0.996195 0.993069 0.00505687
0.99739 0.995466 0.00501719
0.996741 0.994161 0.00488434
0.996426 0.993512 0.00472925
0.995861 0.992377 0.00460882
0.99664 0.993927 0.00452988
0.996827 0.994283 0.00439447
0.996727 0.994064 0.00426446
0.995704 0.992046 0.00426516
0.995636 0.991893 0.00414555
0.994302 0.989286 0.00424707
0.994861 0.990391 0.00417136
0.995395 0.991449 0.00409797
0.995579 0.9918 0.00399844
0.995875 0.992378 0.00391092
0.996271 0.99316 0.00383719
0.996836 0.994285 0.00378926
0.997892 0.996427 0.0038499
0.998693 0.998039 0.00384756
0.99912 0.998887 0.00378719
0.999153 0.998939 0.00370588
0.999001 0.998623 0.00363105
0.998319 0.997271 0.00362091
0.999302 0.99927 0.00368142
0.999493 0.99964 0.00361356
0.99998 1.00061 0.0035767
1.00029 1.00123 0.00352224
1.00085 1.00235 0.00350114
1.00104 1.00272 0.00344228
1.00073 1.0021 0.00339429
1.00062 1.00187 0.00333601
1.00059 1.00178 0.0032782
1.00057 1.00175 0.00322218
1.00036 1.00131 0.00317535
1.00001 1.00062 0.00314175
0.999753 1.00009 0.00310165
0.999147 0.998896 0.00311155
0.998473 0.997569 0.00313582
0.998968 0.998563 0.00312657
0.998721 0.998064 0.00308872
0.998845 0.998303 0.00304479
0.998763 0.99813 0.00300079
0.998768 0.998131 0.00295699
0.998849 0.998286 0.00291557
0.998503 0.997596 0.00289489
0.9989 0.998392 0.00288188
0.999296 0.999186 0.00286955
0.999486 0.99956 0.00283689
0.999564 0.999709 0.00279989
0.999322 0.999222 0.00277339
0.999225 0.999021 0.00273886
0.999538 0.999646 0.00272153
1.00009 1.00076 0.00274263
1.0006 1.00181 0.00275705
1.00023 1.00107 0.0027482
1.00016 1.00092 0.00271541
0.99991 1.00042 0.00269421
1.00005 1.00068 0.00266539
1.00015 1.00089 0.00263611
0.999994 1.00057 0.00261025
0.999647 0.999877 0.0026033
0.99958 0.999736 0.00257443
0.9997 0.999971 0.00254817
1.0001 1.00078 0.00255166
1.00006 1.0007 0.00252376
1.00013 1.00083 0.00249703
1.00001 1.00059 0.00247278
1.00011 1.00078 0.00244824
1.00017 1.0009 0.00242315
1.00002 1.00059 0.00240251
0.99971 0.999971 0.00239794
0.999786 1.00012 0.00237456
0.999969 1.00048 0.00235757
0.999675 0.999898 0.00235226
0.99958 0.999703 0.00233081
0.999198 0.998949 0.00233919
0.998869 0.998297 0.00233963
0.998712 0.997982 0.00232231
0.998765 0.998083 0.0023007
0.998299 0.997168 0.0023262
0.998439 0.997445 0.00230861
0.998344 0.997251 0.00228911
0.998059 0.996687 0.00228575
0.998261 0.997088 0.0022738
0.998108 0.996781 0.00225837
0.998178 0.996916 0.0022392
0.998186 0.996928 0.00221931
0.99816 0.99687 0.00219992
0.998333 0.997214 0.00218754
0.998524 0.997595 0.00217699
0.997882 0.996357 0.00225165
0.998143 0.99688 0.00224765
0.997887 0.996373 0.0022433
0.997993 0.99658 0.00222704
0.997597 0.995804 0.00224379
0.997538 0.995683 0.00222609
0.997717 0.996038 0.00221513
0.997741 0.996081 0.00219733
0.99781 0.996215 0.00218078
0.997989 0.996572 0.0021708
0.997701 0.996003 0.00217281
0.997649 0.995895 0.0021564
0.997624 0.99584 0.00213976
0.997607 0.995802 0.00212331
0.997683 0.995949 0.00210838
0.997713 0.996004 0.00209256
0.997524 0.995627 0.00208536
0.997408 0.995395 0.00207296
0.997136 0.994857 0.00207551
0.997159 0.994898 0.00206032
0.996879 0.994347 0.00206428
0.99683 0.994245 0.00204985
0.996944 0.994471 0.00203826
0.996904 0.994386 0.00202406
0.997232 0.995053 0.00203635
0.997444 0.995477 0.00203302
0.997524 0.995633 0.00202033
0.997608 0.995799 0.00200802
0.997395 0.995377 0.00200544
0.997526 0.995636 0.00199595
0.997392 0.995368 0.00198684
0.997232 0.995048 0.00197984
0.996969 0.994529 0.0019841
0.996953 0.994493 0.0019709
0.996899 0.994384 0.00195852
0.997059 0.994702 0.00195214
0.997014 0.994609 0.00193986
0.997152 0.994882 0.00193211
0.997151 0.994878 0.0019196
0.996922 0.994426 0.00192096
0.997115 0.994813 0.00191842
0.997248 0.995077 0.00191084
0.997297 0.99517 0.00189941
0.997469 0.995515 0.00189535
0.997344 0.995265 0.00188769
0.997523 0.995623 0.0018845
0.997517 0.995609 0.00187291
0.997622 0.995816 0.0018644
0.9976 0.99577 0.00185319
0.997539 0.995645 0.001843
0.997376 0.995321 0.00183917
0.99731 0.995186 0.0018294
0.997296 0.995155 0.0018186
0.997295 0.995149 0.00180787
0.997063 0.994694 0.00181206
0.99701 0.994583 0.0018023
0.996889 0.994343 0.00179589
0.997008 0.99458 0.00178952
0.997216 0.994998 0.00179135
0.997038 0.994646 0.00179001
0.99688 0.994332 0.00178687
0.996921 0.99441 0.00177726
0.99701 0.994586 0.00176955
0.997035 0.994633 0.00175987
0.997018 0.994596 0.0017502
0.997067 0.994692 0.00174126
0.997037 0.994628 0.00173199
0.997088 0.994727 0.00172331
0.997054 0.994658 0.0017143
0.997178 0.994904 0.00170954
0.997149 0.994843 0.00170062
0.997057 0.994659 0.00169403
0.997058 0.994658 0.00168504
0.997345 0.995244 0.00170057
0.997438 0.995429 0.00169422
0.997416 0.995382 0.00168552
0.997455 0.995457 0.00167721
0.99779 0.996143 0.00170174
0.997895 0.996352 0.00169626
0.997707 0.995982 0.00169795
0.997867 0.996304 0.00169687
0.997972 0.996511 0.0016915
0.997934 0.996433 0.00168341
0.997976 0.996515 0.00167551
0.997873 0.996308 0.00167037
0.997762 0.996086 0.0016658
0.997972 0.996513 0.00167092
0.99799 0.996545 0.0016628
0.997918 0.9964 0.00165624
0.997926 0.996413 0.00164819
0.997987 0.996534 0.00164138
0.99805 0.996656 0.00163465
0.998147 0.996849 0.00162969
0.998161 0.996875 0.00162198
0.998148 0.996847 0.00161432
0.998153 0.996853 0.00160669
0.998243 0.997034 0.00160171
0.998055 0.996663 0.00160529
0.998084 0.996719 0.00159808
0.998185 0.996919 0.00159383
0.998111 0.99677 0.00158819
0.998179 0.996905 0.00158236
0.998134 0.996812 0.00157577
0.998276 0.997098 0.00157502
0.998273 0.997089 0.00156788
0.998209 0.996961 0.0015621
0.998162 0.996864 0.00155581
0.998142 0.996822 0.00154897
0.998108 0.996753 0.00154244
0.997981 0.9965 0.00154086
0.997889 0.996315 0.00153683
0.997831 0.996199 0.00153117
0.997915 0.996365 0.00152678
0.997986 0.996506 0.00152177
0.998098 0.996731 0.00151936
0.998131 0.996795 0.00151315
0.998166 0.996863 0.00150705
0.998084 0.996698 0.00150286
0.997959 0.996451 0.00150162
0.998081 0.996695 0.00150021
0.998148 0.996826 0.00149533
0.998079 0.996688 0.00149062
0.998073 0.996673 0.00148438
0.997992 0.996512 0.00148038
0.998152 0.996836 0.00148292
0.998118 0.996765 0.00147719
0.998012 0.996555 0.00147487
0.99799 0.996508 0.00146899
0.998066 0.996659 0.00146497
0.998043 0.996611 0.00145918
0.998134 0.996792 0.0014561
0.998115 0.996754 0.00145034
0.998044 0.996611 0.00144626
0.998197 0.99692 0.00144856
0.998111 0.996748 0.00144532
0.998058 0.996642 0.00144054
0.997907 0.996343 0.00144283
0.997834 0.996196 0.001439
0.997674 0.995882 0.00144217
0.997676 0.995884 0.00143653
0.997527 0.995591 0.00143865
0.997527 0.995588 0.00143306
0.997518 0.995567 0.00142754
0.997475 0.99548 0.00142269
0.99739 0.995312 0.00141973
0.997383 0.995296 0.00141432
0.997357 0.99524 0.00140919
0.997382 0.99529 0.00140408
0.997348 0.99522 0.0013992
0.997388 0.995299 0.00139451
0.997401 0.995321 0.00138933
0.997492 0.995505 0.00138717
0.997566 0.995651 0.00138395
0.997674 0.995868 0.00138305
0.997924 0.996381 0.00140037
0.997828 0.996191 0.00139846
0.997775 0.996083 0.00139435
0.997719 0.99597 0.00139039
0.997757 0.996044 0.00138585
0.997796 0.996122 0.00138139
0.997828 0.996183 0.00137675
0.997874 0.996275 0.00137259
0.997962 0.996449 0.00137043
0.998 0.996526 0.00136608
0.998027 0.996576 0.00136146
0.997993 0.996508 0.00135704
0.998016 0.996552 0.00135243
0.998044 0.996607 0.00134795
0.997973 0.996463 0.00134512
0.997921 0.996359 0.00134141
0.997975 0.996466 0.00133783
0.998015 0.996545 0.00133377
0.997924 0.996364 0.00133224
0.997815 0.996147 0.00133216
0.997805 0.996125 0.00132761
0.99779 0.996095 0.00132314
0.99784 0.996193 0.00131955
0.998057 0.996638 0.00133278
0.99804 0.996604 0.00132835
0.997864 0.996259 0.00133556
0.99796 0.99645 0.00133447
0.997905 0.996341 0.0013311
0.9979 0.996329 0.00132665
0.997962 0.996452 0.00132365
