0 1.5708
0.1 1.55146
0.2 1.49392
0.3 1.39959
0.4 1.2708
0.5 1.11072
0.6 0.923291
0.7 0.713127
0.8 0.485403
0.9 0.245727
1 4.4497e-16
1.1 -0.245727
1.2 -0.485403
1.3 -0.713127
1.4 -0.923291
1.5 -1.11072
1.6 -1.2708
1.7 -1.39959
1.8 -1.49392
1.9 -1.55146
2 -1.5708
2.1 -1.55146
2.2 -1.49392
2.3 -1.39959
2.4 -1.2708
2.5 -1.11072
2.6 -0.923291
2.7 -0.713127
2.8 -0.485403
2.9 -0.245727
3 2.50174e-15
3.1 0.245727
3.2 0.485403
3.3 0.713127
3.4 0.923291
3.5 1.11072
3.6 1.2708
3.7 1.39959
3.8 1.49392
3.9 1.55146
4 1.5708
4.1 1.55146
4.2 1.49392
4.3 1.39959
4.4 1.2708
4.5 1.11072
4.6 0.923291
4.7 0.713127
4.8 0.485403
4.9 0.245727
5 4.66636e-15
5.1 -0.245727
5.2 -0.485403
5.3 -0.713127
5.4 -0.923291
5.5 -1.11072
5.6 -1.2708
5.7 -1.39959
5.8 -1.49392
5.9 -1.55146
6 -1.5708
6.1 -1.55146
6.2 -1.49392
6.3 -1.39959
6.4 -1.2708
6.5 -1.11072
6.6 -0.923291
6.7 -0.713127
6.8 -0.485403
6.9 -0.245727
7 -2.29956e-14
7.1 0.245727
7.2 0.485403
7.3 0.713127
7.4 0.923291
7.5 1.11072
7.6 1.2708
7.7 1.39959
7.8 1.49392
7.9 1.55146
8 1.5708
8.1 1.55146
8.2 1.49392
8.3 1.39959
8.4 1.2708
8.5 1.11072
8.6 0.923291
8.7 0.713127
8.8 0.485403
8.9 0.245727
9 3.99298e-14
9.1 -0.245727
9.2 -0.485403
9.3 -0.713127
9.4 -0.923291
9.5 -1.11072
9.6 -1.2708
9.7 -1.39959
9.8 -1.49392
9.9 -1.55146
10 -1.5708
10.1 -1.55146
10.2 -1.49392
10.3 -1.39959
10.4 -1.2708
10.5 -1.11072
10.6 -0.923291
10.7 -0.713127
10.8 -0.485403
10.9 -0.245727
11 -5.96542e-14
11.1 0.245727
11.2 0.485403
11.3 0.713127
11.4 0.923291
11.5 1.11072
11.6 1.2708
11.7 1.39959
11.8 1.49392
11.9 1.55146
12 1.5708
12.1 1.55146
12.2 1.49392
12.3 1.39959
12.4 1.2708
12.5 1.11072
