           1     1.49082     1.49082           0
           2     1.52308     1.50695   0.0161286
           3     1.33209     1.44866   0.0590238
           4     1.39834     1.43608   0.0435913
           5     1.50854     1.45057   0.0367443
           6       1.357     1.43498   0.0338133
           7     1.40026     1.43002   0.0290046
           8     1.44288     1.43162   0.0251701
           9     1.44848      1.4335   0.0222768
          10     1.47597     1.43774   0.0203726
          11     1.17995     1.41431   0.0298131
          12     1.40457      1.4135   0.0272276
          13     1.35627     1.40909   0.0254297
          14     1.39852     1.40834   0.0235555
          15     1.33441     1.40341    0.022476
          16     1.25443      1.3941   0.0229939
          17     1.62703      1.4078   0.0255784
          18     1.33246     1.40362   0.0244761
          19     1.46883     1.40705   0.0234051
          20     1.43814      1.4086   0.0222584
          21     1.37256     1.40689   0.0212414
          22     1.53977     1.41293   0.0211344
          23     1.47742     1.41573   0.0203884
          24     1.38086     1.41428   0.0195744
          25     1.42349     1.41465   0.0187787
          26      1.4832     1.41728   0.0182337
          27     1.30679     1.41319   0.0180163
          28     1.28592     1.40865    0.017946
          29     1.37975     1.40765   0.0173448
          30     1.42965     1.40838   0.0167727
          31     1.58492     1.41408   0.0171932
          32     1.33197     1.41151   0.0168438
          33     1.33946     1.40933   0.0164708
          34     1.44718     1.41044   0.0160177
          35     1.43703      1.4112   0.0155719
          36       1.334     1.40906   0.0152843
          37     1.40187     1.40886   0.0148668
          38     1.46309     1.41029   0.0145405
          39     1.53208     1.41341   0.0145029
          40     1.36177     1.41212   0.0141945
          41     1.33097     1.41014   0.0139848
          42     1.41096     1.41016   0.0136478
          43     1.36781     1.40918   0.0133629
          44     1.48794     1.41097   0.0131779
          45     1.52362     1.41347   0.0131227
          46      1.4035     1.41325   0.0128361
          47     1.30558     1.41096   0.0127672
          48     1.30855     1.40883   0.0126792
          49     1.41063     1.40887   0.0124178
          50     1.40126     1.40871   0.0121679
          51     1.25788     1.40576   0.0122882
          52     1.28129     1.40336   0.0122849
          53     1.42001     1.40368    0.012055
          54     1.24555     1.40075   0.0121867
          55     1.31868     1.39926   0.0120558
          56     1.32473     1.39792   0.0119131
          57     1.51063      1.3999   0.0118681
          58     1.44062      1.4006   0.0116828
          59      1.4495     1.40143   0.0115129
          60     1.28751     1.39953   0.0114775
          61     1.34771     1.39868   0.0113198
          62     1.32213     1.39745   0.0112039
          63     1.29617     1.39584   0.0111413
          64     1.42846     1.39635   0.0109776
          65     1.35559     1.39572   0.0108256
          66     1.55522     1.39814   0.0109308
          67     1.44639     1.39886   0.0107905
          68     1.32999     1.39785   0.0106788
          69     1.29257     1.39632   0.0106329
          70     1.49764     1.39777   0.0105794
          71     1.30952     1.39653   0.0105031
          72     1.29671     1.39514   0.0104486
          73     1.42587     1.39556    0.010313
          74     1.34025     1.39481   0.0102001
          75     1.21242     1.39238   0.0103529
          76     1.33444     1.39162   0.0102442
          77     1.29664     1.39039   0.0101852
          78     1.37519     1.39019   0.0100557
          79     1.36955     1.38993  0.00993103
          80      1.4041     1.39011   0.0098077
          81     1.35441     1.38967  0.00969588
          82     1.34426     1.38911  0.00959291
          83     1.39666      1.3892  0.00947706
          84     1.34071     1.38863  0.00938134
          85     1.45022     1.38935  0.00929859
          86     1.24679     1.38769  0.00933815
          87     1.44724     1.38838  0.00925553
          88     1.44109     1.38898  0.00916934
          89     1.49396     1.39016  0.00914215
          90     1.44053     1.39072  0.00905731
          91     1.34647     1.39023  0.00897042
          92      1.3094     1.38935  0.00891577
          93     1.39497     1.38941  0.00881959
          94     1.26642      1.3881  0.00882282
          95      1.5675     1.38999  0.00893137
          96     1.15574     1.38755   0.0091685
          97     1.36146     1.38728  0.00907748
          98     1.47751      1.3882  0.00903143
          99     1.30877      1.3874  0.00897567
         100     1.29483     1.38648  0.00893355
