           1    -5.44041    -5.44041           0
           2    -5.44155    -5.44098 0.000568477
           3    -5.48247    -5.45481   0.0138345
           4    -5.45736    -5.45545  0.00980326
           5    -5.44838    -5.45403  0.00772388
           6    -5.47006    -5.45671  0.00684889
           7     -5.4619    -5.45745  0.00583567
           8    -5.45656    -5.45734  0.00505504
           9    -5.45335    -5.45689  0.00448002
          10    -5.45017    -5.45622  0.00406305
          11    -5.50842    -5.46097  0.00600203
          12    -5.46932    -5.46166  0.00552313
          13    -5.47332    -5.46256  0.00515907
          14    -5.46771    -5.46293  0.00479052
          15    -5.48147    -5.46416   0.0046278
          16    -5.49567    -5.46613  0.00475575
          17    -5.43249    -5.46415  0.00488608
          18    -5.46554    -5.46423  0.00460728
          19    -5.46541    -5.46429  0.00435849
          20    -5.46471    -5.46431  0.00413488
          21    -5.46635    -5.46441  0.00393425
          22    -5.44098    -5.46335   0.0038994
          23    -5.43762    -5.46223  0.00389025
          24    -5.47349     -5.4627  0.00375408
          25     -5.4534    -5.46232  0.00361993
          26    -5.44361     -5.4616  0.00355161
          27    -5.49201    -5.46273  0.00359835
          28    -5.48521    -5.46353  0.00355921
          29    -5.46818    -5.46369  0.00343803
          30    -5.46267    -5.46366  0.00332163
          31    -5.43286    -5.46267  0.00336285
          32    -5.47278    -5.46298  0.00327138
          33     -5.4737    -5.46331  0.00318728
          34    -5.45362    -5.46302  0.00310522
          35     -5.4674    -5.46315  0.00301779
          36    -5.48035    -5.46363  0.00297144
          37    -5.46806    -5.46374   0.0028925
          38    -5.45258    -5.46345  0.00283064
          39    -5.45077    -5.46313  0.00277621
          40    -5.46666    -5.46321  0.00270736
          41    -5.47431    -5.46348  0.00265432
          42    -5.46028    -5.46341  0.00259148
          43    -5.47276    -5.46363  0.00253982
          44     -5.4403     -5.4631  0.00253745
          45    -5.44089     -5.4626  0.00252902
          46    -5.47201    -5.46281  0.00248187
          47    -5.48058    -5.46319  0.00245777
          48    -5.47509    -5.46343  0.00241877
          49    -5.46204     -5.4634  0.00236906
          50    -5.45766    -5.46329  0.00232404
          51    -5.48152    -5.46365   0.0023059
          52    -5.48414    -5.46404  0.00229521
          53    -5.46291    -5.46402  0.00225159
          54    -5.49448    -5.46458  0.00228037
          55    -5.47422    -5.46476  0.00224536
          56    -5.47586    -5.46496   0.0022138
          57      -5.442    -5.46455  0.00221159
          58    -5.44882    -5.46428     0.00219
          59    -5.45722    -5.46416  0.00215589
          60    -5.48376    -5.46449  0.00214467
          61    -5.46975    -5.46458  0.00211098
          62    -5.47618    -5.46476  0.00208507
          63     -5.4757    -5.46494  0.00205904
          64    -5.45447    -5.46477  0.00203319
          65    -5.47672    -5.46496  0.00201008
          66    -5.42921    -5.46442  0.00205217
          67    -5.45626    -5.46429  0.00202498
          68    -5.48436    -5.46459  0.00201669
          69     -5.4836    -5.46487  0.00200626
          70    -5.44329    -5.46456  0.00200127
          71    -5.48876     -5.4649  0.00200213
          72     -5.4835    -5.46516  0.00199095
          73    -5.45055    -5.46496  0.00197365
          74    -5.48572    -5.46524  0.00196692
          75    -5.49041    -5.46557  0.00196933
          76    -5.48317     -5.4658  0.00195699
          77    -5.48677    -5.46608  0.00195051
          78    -5.46542    -5.46607  0.00192536
          79    -5.46676    -5.46608  0.00190085
          80     -5.4679     -5.4661  0.00187708
          81    -5.46734    -5.46611  0.00185382
          82    -5.47606    -5.46624  0.00183509
          83    -5.46292     -5.4662  0.00181329
          84    -5.48153    -5.46638  0.00180085
          85    -5.46372    -5.46635  0.00177981
          86    -5.49086    -5.46663  0.00178194
          87     -5.4551     -5.4665  0.00176632
          88    -5.44866     -5.4663  0.00175786
          89    -5.45159    -5.46613  0.00174584
          90    -5.45158    -5.46597  0.00173389
          91    -5.47364    -5.46605   0.0017168
          92    -5.48088    -5.46622  0.00170567
          93    -5.47474    -5.46631  0.00168971
          94    -5.49103    -5.46657   0.0016922
          95    -5.43398    -5.46623  0.00170908
          96    -5.50592    -5.46664  0.00174099
          97     -5.4607    -5.46658  0.00172404
          98    -5.43769    -5.46628  0.00173164
          99    -5.48393    -5.46646   0.0017233
         100    -5.47905    -5.46659  0.00171061
