100 0.0641241 0 0
100 0.0897737 0 0
100 0.115423 0 0
100 0.141073 0 0
100 0.166723 0 0
100 0.192372 0 0
100 0.218022 0 0
100 0.243672 0 0
100 0.269321 0 0
100 0.294971 0 0
100 0.32062 0 0
100 0.34627 0 0
100 0.37192 0 0
100 0.397569 0 0
100 0.423219 0 0
100 0.448869 0 0
100 0.474518 0 0
100 0.500168 0 0
100 0.525818 0 0
100 0.551467 0 0
100 0.577117 0 0
100 0.602767 0 0
100 0.628416 0 0
100 0.654066 0 0
100 0.679715 0 0
100 0.705365 0 0
100 0.731015 0 0
100 0.756664 0 0
100 0.782314 0 0
100 0.807964 0 0
100 0.833613 0 0
100 0.859263 0 0
100 0.884913 0 0
100 0.910562 1.68373e-05 5.85296e-06
100 0.936212 0.00128127 5.22881e-05
100 0.961861 0.0230372 0.000243008
100 0.987511 0.159673 0.000769859
100 1.01316 0.546562 0.00179154
100 1.03881 1.1697 0.00242304
100 1.06446 1.82141 0.00286849
100 1.09011 2.29255 0.00220278
100 1.11576 2.51227 0.00211432
100 1.14141 2.51093 0.00215643
100 1.16706 2.37845 0.00225953
100 1.19271 2.17439 0.0021348
100 1.21836 1.95687 0.00208244
100 1.24401 1.74237 0.001893
100 1.26966 1.55119 0.00192036
100 1.29531 1.38676 0.00185382
100 1.32096 1.2438 0.00155376
100 1.34661 1.1254 0.00152592
100 1.37226 1.0246 0.00129129
100 1.39791 0.9434 0.00124131
100 1.42355 0.87422 0.00114814
100 1.4492 0.819247 0.00128051
100 1.47485 0.777533 0.00108208
100 1.5005 0.741234 0.00102666
100 1.52615 0.716333 0.00105001
100 1.5518 0.696457 0.00114019
100 1.57745 0.68519 0.00105402
100 1.6031 0.681156 0.00134359
100 1.62875 0.680527 0.00128246
100 1.6544 0.685852 0.00128605
100 1.68005 0.696811 0.00119104
100 1.7057 0.71377 0.00117678
100 1.73135 0.735659 0.00109438
100 1.757 0.762476 0.0011459
100 1.78265 0.794947 0.00113761
100 1.8083 0.831319 0.00115838
100 1.83395 0.870533 0.00111752
100 1.8596 0.912906 0.00118285
100 1.88525 0.955243 0.00115256
100 1.9109 0.999371 0.00114729
100 1.93655 1.04135 0.00117666
100 1.9622 1.08347 0.00126049
100 1.98785 1.12285 0.00120719
100 2.0135 1.1588 0.00120734
100 2.03915 1.19233 0.00111774
100 2.0648 1.21871 0.00109319
100 2.09045 1.23912 0.00107807
100 2.1161 1.2487 0.00103637
100 2.14174 1.251 0.00110631
100 2.16739 1.24541 0.000997103
100 2.19304 1.23194 0.00115634
100 2.21869 1.21115 0.00101549
100 2.24434 1.18731 0.00103388
100 2.26999 1.16022 0.00107517
100 2.29564 1.13001 0.000896237
100 2.32129 1.10117 0.000911402
100 2.34694 1.07364 0.000908513
100 2.37259 1.04663 0.000849843
100 2.39824 1.02075 0.000926452
100 2.42389 0.998724 0.000880085
100 2.44954 0.97958 0.000827309
100 2.47519 0.963932 0.00083758
100 2.50084 0.950814 0.000872511
100 2.52649 0.941431 0.000894524
100 2.55214 0.92731 0.000864958
100 2.57779 0.919055 0.000914775
100 2.60344 0.919259 0.000926397
