           1    -7.55491    -7.55491           0
           2    -7.55114    -7.55302  0.00188798
           3    -7.55873    -7.55492   0.0021915
           4    -7.55989    -7.55617  0.00198621
           5    -7.53347    -7.55163   0.0047931
           6    -7.56379    -7.55366   0.0044075
           7    -7.54868    -7.55294   0.0037922
           8    -7.53814    -7.55109  0.00376968
           9    -7.54225    -7.55011  0.00346661
          10    -7.56047    -7.55115  0.00326902
          11    -7.54709    -7.55078   0.0029798
          12    -7.53683    -7.54962  0.00295818
          13    -7.54919    -7.54958  0.00272133
          14    -7.55514    -7.54998  0.00255051
          15    -7.54182    -7.54944  0.00243599
          16    -7.55865    -7.55001  0.00235031
          17    -7.56717    -7.55102  0.00242756
          18    -7.56727    -7.55192  0.00246036
          19    -7.55249    -7.55195  0.00232745
          20    -7.54734    -7.55172  0.00222006
          21    -7.53907    -7.55112  0.00219597
          22    -7.54518    -7.55085  0.00211112
          23     -7.5384    -7.55031  0.00208857
          24    -7.54026    -7.54989  0.00204305
          25    -7.55427    -7.55007  0.00196746
          26    -7.56592    -7.55068  0.00198613
          27    -7.55994    -7.55102  0.00194172
          28    -7.56758    -7.55161  0.00196236
          29    -7.54878    -7.55151    0.001896
          30    -7.54086    -7.55116  0.00186581
          31    -7.53458    -7.55062  0.00188221
          32    -7.54546    -7.55046  0.00182957
          33    -7.52653    -7.54974  0.00191585
          34    -7.56132    -7.55008  0.00188963
          35    -7.54956    -7.55006   0.0018349
          36    -7.56125    -7.55037  0.00181007
          37    -7.52983    -7.54982  0.00184597
          38    -7.52256     -7.5491  0.00193465
          39    -7.56349    -7.54947  0.00192016
          40    -7.54923    -7.54946  0.00187155
          41    -7.54752    -7.54942  0.00182595
          42    -7.54786    -7.54938  0.00178233
          43    -7.53419    -7.54903  0.00177586
          44    -7.53449    -7.54869   0.0017662
          45    -7.53302    -7.54835  0.00176131
          46    -7.55239    -7.54843  0.00172484
          47    -7.52342     -7.5479  0.00176969
          48    -7.54452    -7.54783  0.00173386
          49    -7.54759    -7.54783  0.00169812
          50    -7.55778    -7.54803  0.00167569
          51    -7.52237    -7.54752  0.00171783
          52    -7.57073    -7.54797  0.00174258
          53    -7.55408    -7.54808  0.00171327
          54    -7.55543    -7.54822  0.00168674
          55    -7.55277     -7.5483  0.00165786
          56    -7.53399    -7.54805  0.00164792
          57     -7.5516    -7.54811  0.00161995
          58    -7.54729     -7.5481  0.00159183
          59    -7.56248    -7.54834   0.0015835
          60    -7.55506    -7.54845  0.00156091
          61    -7.54033    -7.54832  0.00154087
          62    -7.54933    -7.54833   0.0015159
          63    -7.55529    -7.54845  0.00149572
          64    -7.54493    -7.54839  0.00147319
          65     -7.5399    -7.54826  0.00145623
          66    -7.55617    -7.54838  0.00143899
          67    -7.54115    -7.54827  0.00142145
          68    -7.54239    -7.54818  0.00140305
          69    -7.56266    -7.54839   0.0013984
          70     -7.5491     -7.5484  0.00137832
          71     -7.5467    -7.54838  0.00135898
          72    -7.55868    -7.54852  0.00134758
          73    -7.52536    -7.54821  0.00136634
          74    -7.53487    -7.54803  0.00135974
          75    -7.55359     -7.5481  0.00134354
          76    -7.53563    -7.54794  0.00133586
          77    -7.54922    -7.54795   0.0013185
          78     -7.5536    -7.54803  0.00130349
          79    -7.55776    -7.54815  0.00129277
          80    -7.55351    -7.54822  0.00127826
          81    -7.52969    -7.54799  0.00128294
          82    -7.53552    -7.54783  0.00127628
          83    -7.53465    -7.54768  0.00127079
          84    -7.55681    -7.54778  0.00126027
          85    -7.54655    -7.54777  0.00124544
          86    -7.55472    -7.54785  0.00123352
          87    -7.54535    -7.54782   0.0012196
          88    -7.56112    -7.54797   0.0012151
          89    -7.54094    -7.54789  0.00120397
          90     -7.5443    -7.54785  0.00119118
          91    -7.56551    -7.54805   0.0011939
          92    -7.55014    -7.54807  0.00118107
          93    -7.56346    -7.54824  0.00117996
          94    -7.56587    -7.54842  0.00118232
          95    -7.51876    -7.54811  0.00121077
          96    -7.55028    -7.54813   0.0011983
          97    -7.53685    -7.54802  0.00119157
          98    -7.54829    -7.54802  0.00117935
          99    -7.55815    -7.54812  0.00117185
         100    -7.54279    -7.54807   0.0011613
