           1     7.54536     7.54536           0
           2     7.57281     7.55908   0.0137249
           3     7.52909     7.54908   0.0127562
           4     7.52054     7.54195    0.011501
           5     7.66085     7.56573   0.0253939
           6     7.49899     7.55461   0.0235295
           7     7.57838       7.558   0.0201739
           8     7.63488     7.56761   0.0199393
           9     7.61992     7.57342   0.0185204
          10     7.52334     7.56841   0.0173057
          11     7.58992     7.57037   0.0157752
          12     7.64811     7.57685   0.0157909
          13     7.58049     7.57713   0.0145282
          14     7.54375     7.57474   0.0136601
          15     7.61944     7.57772   0.0130614
          16      7.5306     7.57478   0.0125678
          17     7.47666     7.56901   0.0131408
          18     7.48005     7.56407   0.0133385
          19     7.55838     7.56377   0.0126205
          20     7.58524     7.56484   0.0120209
          21     7.63585     7.56822   0.0119236
          22     7.60494     7.56989   0.0114906
          23     7.64652     7.57322    0.011474
          24     7.62668     7.57545    0.011209
          25     7.55454     7.57461   0.0107838
          26     7.48575      7.5712   0.0109099
          27     7.52195     7.56937   0.0106553
          28     7.47981     7.56617   0.0107543
          29     7.58141      7.5667   0.0103902
          30     7.62358     7.56859   0.0102154
          31     7.65623     7.57142   0.0102768
          32     7.60116     7.57235  0.00999377
          33     7.70891     7.57649   0.0105331
          34     7.51284     7.57462   0.0103887
          35     7.58089      7.5748   0.0100891
          36     7.51378      7.5731  0.00995025
          37      7.6856     7.57614    0.010144
          38     7.72836     7.58015    0.010655
          39     7.50369     7.57819   0.0105618
          40     7.57621     7.57814   0.0102945
          41     7.59023     7.57843   0.0100446
          42     7.58957      7.5787   0.0098061
          43     7.66371     7.58067  0.00977733
          44     7.65957     7.58247  0.00971937
          45     7.66746     7.58436  0.00968685
          46     7.56254     7.58388  0.00948579
          47     7.72343     7.58685  0.00974511
          48      7.6009     7.58714  0.00954442
          49     7.59092     7.58722  0.00934792
          50     7.53172     7.58611  0.00922608
          51     7.72796     7.58889  0.00946145
          52     7.46409     7.58649  0.00958313
          53     7.54933     7.58579   0.0094267
          54     7.53788      7.5849  0.00929294
          55     7.56013     7.58445  0.00913352
          56     7.65502     7.58571  0.00905704
          57     7.56361     7.58533  0.00890518
          58      7.5919     7.58544  0.00875103
          59     7.50113     7.58401  0.00871931
          60     7.54436     7.58335  0.00859818
          61     7.63596     7.58421  0.00849992
          62     7.58045     7.58415  0.00836192
          63     7.54669     7.58356  0.00824958
          64     7.60497     7.58389  0.00812655
          65     7.63229     7.58464  0.00803513
          66     7.54311     7.58401  0.00793742
          67     7.62683     7.58465  0.00784414
          68     7.61587      7.5851  0.00774155
          69     7.50699     7.58397  0.00771208
          70     7.57979     7.58391  0.00760134
          71     7.59208     7.58403   0.0074944
          72     7.52668     7.58323  0.00743238
          73      7.7058     7.58491   0.0075197
          74     7.65015     7.58579   0.0074696
          75     7.55533     7.58539  0.00738052
          76     7.64889     7.58622  0.00733053
          77     7.58558     7.58621  0.00723471
          78     7.55379      7.5858  0.00715345
          79     7.53222     7.58512  0.00709481
          80     7.55809     7.58478   0.0070137
          81       7.682     7.58598  0.00702979
          82     7.64922     7.58675  0.00698623
          83     7.66104     7.58765  0.00695935
          84     7.54433     7.58713  0.00689531
          85     7.59737     7.58725  0.00681477
          86     7.54969     7.58682  0.00674921
          87     7.59811     7.58695  0.00667245
          88     7.51289      7.5861  0.00664966
          89     7.62726     7.58657  0.00659076
          90     7.60439     7.58676  0.00652013
          91     7.48773     7.58568  0.00653927
          92     7.57338     7.58554  0.00646918
          93     7.49706     7.58459  0.00646958
          94     7.48368     7.58352  0.00648978
          95     7.74675     7.58524  0.00664703
          96     7.57743     7.58515  0.00657793
          97     7.64535     7.58578  0.00653927
          98     7.58403     7.58576  0.00647223
          99     7.52792     7.58517   0.0064331
         100     7.61553     7.58548  0.00637568
