100 0.0576661 0 0
100 0.0807325 0 0
100 0.103799 0 0
100 0.126865 0 0
100 0.149932 0 0
100 0.172998 0 0
100 0.196065 0 0
100 0.219131 0 0
100 0.242198 0 0
100 0.265264 0 0
100 0.28833 0 0
100 0.311397 0 0
100 0.334463 0 0
100 0.35753 0 0
100 0.380596 0 0
100 0.403663 0 0
100 0.426729 0 0
100 0.449795 0 0
100 0.472862 0 0
100 0.495928 0 0
100 0.518995 0 0
100 0.542061 0 0
100 0.565128 0 0
100 0.588194 0 0
100 0.61126 0 0
100 0.634327 0 0
100 0.657393 0 0
100 0.68046 0 0
100 0.703526 0 0
100 0.726593 0 0
100 0.749659 0 0
100 0.772725 0 0
100 0.795792 0 0
100 0.818858 0 0
100 0.841925 0 0
100 0.864991 0 0
100 0.888058 0 0
100 0.911124 0 0
100 0.93419 8.84014e-05 1.28346e-05
100 0.957257 0.00330268 7.90347e-05
100 0.980323 0.0460159 0.000300683
100 1.00339 0.287315 0.000923119
100 1.02646 0.989885 0.0019346
100 1.04952 2.20819 0.00254671
100 1.07259 3.58646 0.00213144
100 1.09566 4.57816 0.00238508
100 1.11872 4.86573 0.00350239
100 1.14179 4.46785 0.00341727
100 1.16485 3.64792 0.00283996
100 1.18792 2.68918 0.00186961
100 1.21099 1.81647 0.00131916
100 1.23405 1.12898 0.00124947
100 1.25712 0.6556 0.00118575
100 1.28019 0.353146 0.0010108
100 1.30325 0.179867 0.000794514
100 1.32632 0.0886194 0.000556671
100 1.34939 0.0487739 0.00045459
100 1.37245 0.0420717 0.000429435
100 1.39552 0.0602717 0.000495949
100 1.41859 0.105722 0.000571387
100 1.44165 0.184839 0.00068067
100 1.46472 0.302455 0.000680068
100 1.48778 0.459805 0.000684434
100 1.51085 0.638122 0.000606458
100 1.53392 0.811855 0.000861611
100 1.55698 0.938772 0.00127973
100 1.58005 0.989775 0.00150807
100 1.60312 0.949204 0.00127252
100 1.62618 0.826256 0.000892792
100 1.64925 0.654134 0.000669431
100 1.67232 0.475361 0.000582031
100 1.69538 0.322275 0.000676258
100 1.71845 0.222623 0.000810066
100 1.74152 0.195009 0.000902814
100 1.76458 0.259102 0.00110825
100 1.78765 0.44351 0.0012559
100 1.81071 0.767075 0.001373
100 1.83378 1.22787 0.00104364
100 1.85685 1.77388 0.000793841
100 1.87991 2.29805 0.00122854
100 1.90298 2.67266 0.00210872
100 1.92605 2.79635 0.00261867
100 1.94911 2.63708 0.00244597
100 1.97218 2.2487 0.00167351
100 1.99525 1.74257 0.000989925
100 2.01831 1.23698 0.000834342
100 2.04138 0.826253 0.00120965
100 2.06445 0.557716 0.0013854
100 2.08751 0.446485 0.00136417
100 2.11058 0.474462 0.00112552
100 2.13364 0.605097 0.000861852
100 2.15671 0.784402 0.000520697
100 2.17978 0.949408 0.00066577
100 2.20284 1.05061 0.000907433
100 2.22591 1.05948 0.00101809
100 2.24898 0.954201 0.000810356
100 2.27204 0.809256 0.000594038
100 2.29511 0.676902 0.00067747
100 2.31818 0.591751 0.00108249
100 2.34124 0.592466 0.0013475
