0.793591
0.771664
0.735023
0.684817
0.62285
0.551887
0.47574
0.399174
0.3276
0.26639
0.21999
0.191083
0.180096
0.185261
0.203167
0.229574
0.260219
0.291388
0.320229
0.344826
0.364146
0.377894
0.386354
0.3902
0.390409
0.388079
0.384334
0.380247
0.376784
0.374673
0.374395
0.37617
0.379959
0.385542
0.392473
0.40027
0.408435
0.416505
0.42409
0.430852
0.436557
0.440984
0.443929
0.445242
0.444771
0.442432
0.438215
0.432313
0.425166
0.417447
0.41002
0.403799
0.399628
0.398176
0.399768
0.404319
0.411326
0.420039
0.429499
0.438713
0.446758
0.452924
0.456714
0.457878
0.456391
0.452503
0.44666
0.439486
0.431649
0.423769
0.416293
0.409431
0.40323
0.397621
0.392587
0.388269
0.384999
0.383229
0.383357
0.385461
0.389191
0.393785
0.398359
0.402279
0.405329
0.407655
0.409586
0.411398
0.413119
0.414556
0.415323
0.415056
0.413526
0.410694
0.406765
0.402046
0.396901
0.391643
0.386589
0.382022
0.378216
0.375436
0.373978
0.374064
0.375811
0.379186
0.384007
0.389921
0.396516
0.403358
0.410051
0.416317
0.422012
0.427055
0.431366
0.434853
0.437368
0.438758
0.438901
0.437706
0.435206
0.431618
0.427222
0.422432
0.417659
0.413298
0.409615
0.406725
0.404604
0.403133
0.402109
0.401315
0.40055
0.399732
0.398875
0.398156
0.397891
0.398441
0.400087
0.402955
0.406889
0.41143
0.415938
0.419683
0.42203
0.422556
0.421161
0.418099
0.413851
0.409046
0.404274
0.399883
0.396006
0.392504
0.389072
0.385449
0.381556
0.377586
0.373995
0.371449
0.370633
0.372066
0.375997
0.382355
0.390749
0.400578
0.41116
0.421803
0.431921
0.441057
0.44886
0.455139
0.459764
0.462656
0.463735
0.463023
0.460573
0.456522
0.451059
0.444413
0.436826
0.428468
0.419481
0.410018
0.400278
0.390579
0.381331
0.373018
0.366083
0.360877
0.357581
0.356193
0.356569
0.358462
0.36162
0.365811
0.370831
0.376501
0.382663
0.389159
0.395799
0.402411
0.408833
0.41493
0.420687
0.42613
0.431334
0.436356
0.441216
0.445842
0.450049
0.453556
0.45608
0.457319
0.457064
0.455115
0.451346
0.445741
0.438452
0.429876
0.420518
0.410973
0.401833
0.393581
0.386583
0.381095
0.37735
0.375618
0.376082
0.378717
0.383283
0.389289
0.39608
0.402994
0.409385
0.414711
0.41856
0.420638
0.420835
0.419219
0.416013
0.411564
0.406372
0.400972
0.39588
0.39149
0.388131
0.386039
0.385418
0.386411
0.389065
0.393325
0.39898
0.405593
0.41266
0.419675
0.426183
0.431853
0.436546
0.440282
0.443096
0.445039
0.446101
0.446187
0.445115
0.442704
0.438862
0.433678
0.427385
0.420401
0.413239
0.406366
0.400159
0.394856
0.39052
0.387034
0.384255
0.382022
0.380199
0.378803
0.377981
0.377969
0.379063
0.381505
0.385412
0.390674
0.396914
0.403607
0.410075
0.415609
0.419592
0.421653
0.421719
0.420081
0.4173
0.414023
0.410872
0.408269
0.40641
0.405284
0.404784
0.404758
0.405054
0.40555
0.406183
0.406965
0.407939
0.409154
0.41062
0.412296
0.414067
0.415667
0.416752
0.416943
0.415933
0.41352
0.409745
0.404961
0.399729
0.394768
0.3908
0.388385
0.387819
0.38912
0.391976
0.395861
0.400077
0.403937
0.406911
0.408713
0.409392
0.409278
0.408866
0.408659
0.409037
0.410172
0.4121
0.414706
0.417775
0.421009
0.424047
0.426493
0.427926
0.427939
0.426271
0.422896
0.418014
0.41213
0.405949
0.400339
0.396121
0.393945
0.394115
0.396556
0.400853
0.406295
0.412045
0.417261
0.421237
0.423436
0.423593
0.421701
0.418001
0.412871
0.406813
0.400285
0.393708
0.38748
0.381997
0.377732
0.375194
0.37484
0.376979
0.38169
0.388776
0.397759
0.407994
0.41869
0.428977
0.43802
0.445108
0.449707
0.451499
0.450441
0.446762
0.440963
0.433745
0.425908
0.418236
0.411372
0.405791
0.401762
0.399316
0.398322
0.398462
0.399307
0.400298
0.400856
0.400529
0.399081
0.396545
0.393172
0.389405
0.385749
0.382642
0.380444
0.379373
0.379537
0.381002
0.383768
0.38781
0.392995
0.39913
0.405953
0.413099
0.420156
0.426654
0.432124
0.436224
0.438692
0.439453
0.438588
0.436319
0.433009
0.429057
0.424917
0.421015
0.417712
0.415175
0.413442
0.412409
0.411812
0.411303
0.410469
0.408948
0.40648
0.403026
0.398731
0.393946
0.389248
0.385332
0.382878
0.382387
0.384059
0.387664
0.392618
0.39804
0.40304
0.406964
0.409533
0.41094
0.411785
0.412844
0.414781
0.417814
0.42171
0.425896
0.429712
0.43269
0.434593
0.435339
0.43501
0.433724
0.431553
0.428618
0.425099
0.421195
0.417215
0.413347
0.409732
0.406432
0.403506
0.401044
0.39919
0.398183
0.398331
0.399905
0.403043
0.407728
0.41367
0.420377
0.427159
0.433188
0.437731
0.440055
0.439618
0.436126
0.429608
0.420413
0.4092
0.39693
0.384783
0.373967
0.365609
0.360584
0.359432
0.362231
0.368521
0.377376
0.387521
0.397466
0.4058
0.411448
0.413863
0.413116
0.409853
0.405142
0.400216
0.396163
0.393767
0.393334
0.394737
0.397545
0.401091
0.404685
0.407737
0.409823
0.410782
0.410693
0.409856
0.408695
0.40767
0.40719
0.407533
0.408807
0.410956
0.413879
0.417411
0.42145
0.425885
0.430618
0.435504
0.440364
0.44493
0.448908
0.452043
0.454108
0.454852
0.45409
0.451696
0.447598
0.44186
0.434752
0.426719
0.418328
0.410061
0.402227
0.394889
0.387891
0.38104
0.374228
0.36753
0.361224
0.355708
0.351444
0.348865
0.348274
0.349802
0.353425
0.358996
0.366212
0.374745
0.384204
0.394159
0.404178
0.413844
0.422759
0.430555
0.436861
0.441384
0.443955
0.444509
0.443102
0.439846
0.434929
0.428617
0.421208
0.413103
0.404793
0.396828
0.389812
0.384374
0.380998
0.380079
0.381822
0.386139
0.392543
0.400224
0.408186
0.415499
0.421458
0.425686
0.428114
0.42889
0.428318
0.426725
0.424514
0.422078
0.419759
0.417874
0.416581
0.415855
0.415544
0.41547
0.415445
0.415344
0.415152
0.414874
0.414582
0.414391
0.414429
0.414765
0.415448
0.416411
0.417461
0.418265
0.418396
0.417458
0.415136
0.411282
0.405998
0.399633
0.392764
0.386114
0.380449
0.376441
0.374533
0.374885
0.377376
0.381647
0.387135
0.393167
0.39897
0.403733
0.406751
0.407561
0.406095
0.402747
0.398308
0.393832
0.390435
0.389044
0.390266
0.394256
0.400695
0.408911
0.417934
0.426747
0.434447
0.440402
0.444271
0.44604
0.445942
0.444352
0.44168
0.438236
0.434235
0.429748
0.424823
0.419545
0.414069
0.40865
0.403672
0.399592
0.396812
0.395605
0.396064
0.39804
0.401144
0.404808
0.408415
0.4114
0.413308
0.413901
0.413126
0.411092
0.408004
0.404141
0.399846
0.39548
0.391421
0.388002
0.385631
0.384666
0.385405
0.388072
0.392739
0.399291
0.407407
0.416516
0.425844
0.43455
0.441842
0.447136
0.450012
0.450196
0.447541
0.442057
0.433947
0.423725
0.412242
0.400685
0.390418
0.382791
0.378759
0.37876
0.382591
0.389507
0.398387
0.408035
0.417361
0.425496
0.431817
0.4359
0.437478
0.436422
0.43277
0.426783
0.41893
0.409905
0.400537
0.391682
0.38408
0.378258
0.374511
0.372927
0.373381
0.375592
0.379143
0.383554
0.38834
0.393118
0.397666
0.40194
0.406063
0.410164
0.414387
0.418768
0.423218
0.427506
0.431306
0.434258
0.436017
0.436257
0.434767
0.431466
0.426431
0.41991
0.412312
0.40421
0.396258
0.38916
0.383606
0.380167
0.379145
0.380454
0.383656
0.388004
0.392631
0.396767
0.399887
0.401817
0.402693
0.40289
0.402938
0.403404
0.404764
0.40729
0.410956
0.415491
0.420453
0.425351
0.429751
0.433325
0.435812
0.436999
0.43671
0.434757
0.4311
0.425812
0.419227
0.4119
0.404596
0.398233
0.393623
0.391375
0.391673
0.394222
0.398311
0.403061
0.407583
0.411183
0.413416
0.414131
0.413436
0.411597
0.408999
0.406045
0.403131
0.40056
0.398604
0.397495
0.397446
0.398571
0.40091
0.404316
0.40852
0.413065
0.417448
0.421106
0.42355
0.424475
0.423807
0.421717
0.418508
0.414555
0.410357
0.406467
0.403454
0.401794
0.401823
0.403583
0.406885
0.411281
0.416224
0.421138
0.42554
0.429047
0.431436
0.432662
0.43282
0.432106
0.43076
0.428895
0.42645
0.423325
0.419442
0.414828
0.409686
0.404401
0.399463
0.395279
0.392078
0.389882
0.388497
0.387621
0.387005
0.386503
0.386141
0.386046
0.386486
0.387732
0.389996
0.393369
0.397754
0.40287
0.408336
0.413717
0.418581
0.422526
0.425243
0.426512
0.426216
0.424389
0.421189
0.416881
0.411855
0.4066
0.401627
0.397405
0.394251
0.392359
0.391851
0.392759
0.395043
0.398626
0.403329
0.408876
0.414818
0.420608
0.425659
0.429413
0.431478
0.431654
0.430032
0.426888
0.422567
0.417492
0.412056
0.406622
0.401513
0.397039
0.393514
0.391183
0.390135
0.390287
0.39129
0.392623
0.393703
0.39396
0.392994
0.390702
0.387371
0.383668
0.380546
0.379054
0.380076
0.384166
0.391408
0.401359
0.413142
0.425568
0.437341
0.44725
0.454332
0.458061
0.458405
0.455771
0.450946
0.444869
0.438441
0.432385
0.427121
0.422824
0.419512
0.417141
0.415655
0.414968
0.414911
0.415174
0.415255
0.414613
0.412689
0.409091
0.403643
0.396471
0.387968
0.378833
0.369965
0.362273
0.356531
0.353277
0.352707
0.354807
0.359378
0.366116
0.37466
0.384642
0.395669
0.407342
0.419258
0.430935
0.441845
0.451353
0.458789
0.46356
0.465245
0.463638
0.458802
0.450999
0.440741
0.428694
0.415659
0.402591
0.390492
0.380369
0.373158
0.369567
0.369872
0.373861
0.380878
0.389954
0.400054
0.410199
0.419564
0.427455
0.43337
0.436979
0.438118
0.436863
0.43348
0.428391
0.422086
0.415071
0.407824
0.40085
0.394693
0.38983
0.386662
0.385401
0.386058
0.388461
0.392252
0.39705
0.402529
0.408467
0.414718
0.421172
0.427657
0.433883
0.80364
0.79837
0.783514
0.759356
0.726852
0.687809
0.644969
0.601698
0.561627
0.527906
0.502728
0.487124
0.481028
0.483499
0.492922
0.507186
0.523893
0.540717
0.555692
0.567385
0.574989
0.578161
0.577066
0.572252
0.564674
0.555634
0.546591
0.539038
0.534412
0.533826
0.537944
0.546768
0.559567
0.574976
0.591297
0.606851
0.620215
0.630398
0.637007
0.64022
0.640664
0.639227
0.636978
0.634868
0.633681
0.633827
0.63535
0.637878
0.640817
0.64336
0.644566
0.643462
0.639314
0.631839
0.621316
0.608621
0.595021
0.58186
0.570376
0.561523
0.555962
0.554053
0.556022
0.561893
0.571504
0.584283
0.599163
0.614631
0.628912
0.64034
0.647713
0.650488
0.648858
0.643687
0.636349
0.628378
0.621147
0.615645
0.612172
0.610516
0.610092
0.610173
0.610075
0.609316
0.607656
0.605056
0.60155
0.597264
0.592575
0.588203
0.585226
0.584709
0.58735
0.593089
0.600916
0.609131
0.61574
0.618919
0.617377
0.610568
0.5987
0.582658
0.563842
0.54402
0.525131
0.509081
0.49753
0.491731
0.492455
0.499852
0.513299
0.531607
0.553195
0.576379
0.599594
0.621482
0.640889
0.656884
0.668773
0.676016
0.67832
0.675737
0.668794
0.658441
0.646038
0.633107
0.621085
0.611021
0.603552
0.598956
0.597277
0.59835
0.60191
0.607407
0.614037
0.620815
0.626731
0.630893
0.632614
0.631446
0.627218
0.619978
0.610169
0.598618
0.586492
0.575148
0.565954
0.559887
0.557323
0.558052
0.561284
0.565905
0.570844
0.575403
0.579548
0.583813
0.588918
0.595274
0.602688
0.610428
0.617636
0.623795
0.629
0.633746
0.638668
0.644045
0.649729
0.655223
0.659898
0.663088
0.66433
0.663394
0.660162
0.654627
0.646808
0.636749
0.624593
0.610634
0.595386
0.579636
0.564429
0.550974
0.540403
0.533631
0.531243
0.533443
0.540101
0.550632
0.56396
0.578541
0.592484
0.603768
0.61057
0.611648
0.606702
0.59662
0.583404
0.569784
0.558701
0.552498
0.552437
0.558536
0.569734
0.584343
0.600409
0.616085
0.629816
0.640464
0.647506
0.651123
0.652038
0.651182
0.64935
0.647116
0.645037
0.643788
0.643924
0.6456
0.648191
0.650346
0.650469
0.647327
0.640556
0.630666
0.619017
0.607316
0.597153
0.589704
0.585607
0.584997
0.587576
0.59268
0.599298
0.606221
0.612178
0.616064
0.616984
0.614356
0.607989
0.598307
0.586281
0.573391
0.561425
0.552244
0.547478
0.548112
0.554243
0.564942
0.578404
0.592377
0.604693
0.613764
0.618768
0.619765
0.617454
0.612931
0.607381
0.601794
0.596816
0.592744
0.589609
0.587379
0.586046
0.585732
0.586574
0.588699
0.592137
0.596671
0.601826
0.606962
0.611442
0.614865
0.617185
0.618666
0.619794
0.620938
0.622081
0.622899
0.622953
0.622015
0.620189
0.617864
0.615568
0.613665
0.612375
0.611644
0.611276
0.610956
0.610362
0.609341
0.607881
0.606055
0.604027
0.601964
0.60006
0.598432
0.597075
0.595834
0.594473
0.592805
0.590782
0.588599
0.586597
0.584958
0.583632
0.582394
0.581037
0.579541
0.578151
0.577183
0.576916
0.577511
0.578937
0.581099
0.583908
0.58731
0.591163
0.595164
0.598752
0.601176
0.60168
0.599702
0.595045
0.58792
0.578915
0.568951
0.559155
0.550826
0.545281
0.543545
0.546152
0.55301
0.563525
0.57671
0.59142
0.606447
0.620738
0.63346
0.644128
0.652566
0.658769
0.662826
0.664827
0.664808
0.662795
0.658776
0.652803
0.645062
0.635947
0.626167
0.61673
0.608737
0.60316
0.600459
0.600372
0.602003
0.604135
0.605658
0.605889
0.604649
0.602132
0.598684
0.594681
0.590433
0.586198
0.582213
0.578776
0.57632
0.57536
0.576549
0.580522
0.587563
0.597383
0.608981
0.620781
0.631068
0.638353
0.641749
0.641121
0.63708
0.630654
0.623046
0.615188
0.607591
0.600355
0.593393
0.586686
0.580349
0.574646
0.56987
0.566172
0.563485
0.561682
0.560674
0.560558
0.561403
0.563184
0.56577
0.568909
0.572519
0.576669
0.581425
0.586778
0.592503
0.59819
0.603457
0.608135
0.612384
0.616634
0.621482
0.627354
0.634223
0.641591
0.648631
0.654378
0.657862
0.658194
0.654655
0.646855
0.634998
0.619964
0.603226
0.586707
0.572303
0.561746
0.556496
0.55766
0.56565
0.579854
0.598516
0.619085
0.638874
0.655705
0.668176
0.67558
0.677706
0.674686
0.666744
0.65419
0.637503
0.617514
0.59563
0.573788
0.554336
0.539433
0.530634
0.528643
0.533212
0.543415
0.55774
0.574233
0.590727
0.605037
0.615214
0.619949
0.618759
0.612008
0.600938
0.587519
0.574154
0.563343
0.557112
0.556492
0.561381
0.570651
0.582665
0.595786
0.608736
0.620699
0.631334
0.64068
0.648936
0.656298
0.662664
0.667527
0.670104
0.669555
0.665196
0.656868
0.644931
0.6303
0.614287
0.598503
0.584692
0.574561
0.56951
0.570339
0.577006
0.588527
0.603084
0.618245
0.631442
0.640455
0.643834
0.641166
0.633075
0.620974
0.606801
0.592622
0.580323
0.571302
0.566188
0.564897
0.566895
0.571589
0.578415
0.586968
0.596773
0.607057
0.616752
0.624649
0.629577
0.630715
0.627775
0.621132
0.611743
0.601097
0.590888
0.582818
0.578105
0.577101
0.579247
0.583406
0.588176
0.592188
0.594291
0.593744
0.590339
0.584385
0.57666
0.568227
0.560205
0.553538
0.549002
0.547281
0.54896
0.554367
0.563421
0.575382
0.588998
0.602856
0.615874
0.627629
0.638329
0.648356
0.657614
0.665377
0.670626
0.672615
0.671068
0.666172
0.65838
0.648311
0.636579
0.623974
0.611227
0.599035
0.587937
0.57841
0.570968
0.566149
0.564498
0.566415
0.571896
0.580448
0.59109
0.602423
0.612921
0.62104
0.625492
0.625444
0.620706
0.611784
0.599849
0.586494
0.573509
0.56251
0.55476
0.55096
0.551252
0.555419
0.563084
0.573807
0.586938
0.601507
0.616144
0.62918
0.639012
0.644437
0.644937
0.640755
0.632834
0.622682
0.611904
0.601927
0.593795
0.588025
0.584632
0.583311
0.583597
0.58501
0.587208
0.589927
0.592981
0.596183
0.599289
0.602038
0.604146
0.605437
0.605814
0.605286
0.603858
0.601632
0.59882
0.59564
0.59234
0.589178
0.586389
0.584179
0.582754
0.58236
0.583231
0.58557
0.589323
0.594198
0.599614
0.604887
0.609511
0.613383
0.616834
0.620468
0.624834
0.630013
0.635418
0.640109
0.6431
0.643745
0.641958
0.637932
0.631733
0.623224
0.612335
0.599422
0.585383
0.571412
0.558642
0.547992
0.540176
0.535727
0.534989
0.537997
0.544497
0.553943
0.565616
0.578684
0.592239
0.605293
0.616874
0.626295
0.633313
0.638034
0.640733
0.641585
0.640604
0.637737
0.633032
0.626875
0.620084
0.613729
0.608926
0.60651
0.606774
0.609392
0.613495
0.617981
0.621862
0.62457
0.626057
0.626648
0.626822
0.626911
0.626952
0.626662
0.625491
0.622756
0.61787
0.610566
0.601031
0.589943
0.578404
0.567755
0.559248
0.553814
0.551869
0.553345
0.557761
0.564415
0.572531
0.581321
0.590017
0.59791
0.604377
0.60888
0.61109
0.610948
0.60864
0.604566
0.599255
0.593292
0.587268
0.581634
0.576737
0.572727
0.569642
0.567583
0.566893
0.568106
0.571688
0.577619
0.585205
0.593238
0.600343
0.605426
0.607906
0.60777
0.605459
0.601648
0.597067
0.592317
0.587785
0.583797
0.580753
0.579067
0.57921
0.581492
0.58589
0.591951
0.598897
0.605828
0.611944
0.616776
0.620185
0.622342
0.623639
0.624382
0.624728
0.624604
0.623787
0.62203
0.619305
0.615918
0.612397
0.60939
0.607428
0.60671
0.606969
0.607564
0.607681
0.606594
0.603951
0.599895
0.595075
0.590411
0.586885
0.585292
0.58602
0.588924
0.593445
0.598694
0.603674
0.607471
0.609381
0.609017
0.606319
0.601571
0.595391
0.588637
0.582279
0.577242
0.574285
0.573753
0.57555
0.579229
0.584078
0.589309
0.594259
0.598413
0.60144
0.603104
0.603251
0.601754
0.59858
0.593749
0.587487
0.58028
0.572847
0.566066
0.560727
0.557329
0.556032
0.556727
0.559256
0.563559
0.569715
0.577741
0.587469
0.598358
0.609453
0.619665
0.628024
0.63387
0.63711
0.638148
0.63786
0.637342
0.63758
0.639093
0.641785
0.644968
0.647719
0.649321
0.649493
0.648436
0.646675
0.644714
0.642874
0.641061
0.638755
0.635063
0.628988
0.619873
0.607751
0.593496
0.57861
0.564961
0.554426
0.548415
0.547576
0.551704
0.559676
0.569677
0.579595
0.587516
0.592017
0.592399
0.588703
0.581634
0.572332
0.562087
0.552084
0.543296
0.536408
0.531935
0.530296
0.531791
0.536531
0.544282
0.554386
0.565889
0.577807
0.589314
0.599944
0.609538
0.618177
0.626109
0.633636
0.64092
0.647898
0.654277
0.659489
0.662813
0.663562
0.661223
0.655445
0.646091
0.633327
0.617795
0.600698
0.583945
0.569834
0.560602
0.557727
0.56161
0.571595
0.586289
0.603894
0.622517
0.640328
0.655735
0.667491
0.674845
0.67752
0.675663
0.669755
0.660571
0.649199
0.636868
0.624873
0.614327
0.605936
0.599761
0.595271
0.591576
0.587785
0.583303
0.57785
0.571422
0.564176
0.556269
0.547824
0.539009
0.529998
0.521
0.512191
0.503628
0.49543
0.488062
0.482618
0.480763
0.48422
0.494108
0.510433
0.531993
0.556679
0.581947
0.605463
0.62548
0.64101
0.651805
0.65821
0.660896
0.660713
0.658529
0.655132
0.651093
0.646765
0.642177
0.637072
0.631077
0.623957
0.615876
0.607444
0.599578
0.593216
0.589077
0.587454
0.588217
0.590868
0.594638
0.598741
0.60249
0.605397
0.607333
0.60851
0.609375
0.610347
0.611679
0.613326
0.614977
0.616162
0.616482
0.61567
0.613688
0.610745
0.607321
0.604184
0.602179
0.602068
0.604161
0.608154
0.613111
0.617713
0.620667
0.621073
0.618682
0.613776
0.607164
0.59985
0.592843
0.587022
0.582999
0.581015
0.580958
0.582414
0.58475
0.587271
0.589233
0.590017
0.589227
0.586825
0.583211
0.57909
0.575341
0.572803
0.57209
0.573514
0.577075
0.582385
0.588702
0.594969
0.803081
0.798786
0.786597
0.767374
0.743003
0.716133
0.689687
0.666175
0.647192
0.633355
0.624523
0.620255
0.62026
0.624375
0.632442
0.644208
0.659185
0.676561
0.695256
0.713923
0.731019
0.74493
0.754211
0.757805
0.755209
0.746528
0.732518
0.714666
0.695102
0.676412
0.661273
0.652021
0.650072
0.655554
0.667308
0.683201
0.700626
0.717096
0.730592
0.73977
0.743966
0.743175
0.738008
0.729491
0.718998
0.708018
0.698282
0.691557
0.689388
0.692696
0.701464
0.714679
0.73057
0.747023
0.762027
0.774025
0.781979
0.785447
0.784432
0.779381
0.771143
0.760841
0.749602
0.738318
0.727459
0.717106
0.707184
0.697714
0.688892
0.681124
0.674829
0.670454
0.668319
0.668488
0.670618
0.674046
0.677805
0.680887
0.682475
0.682142
0.679888
0.676125
0.671508
0.666744
0.662412
0.658825
0.656096
0.654225
0.653262
0.653332
0.654713
0.657881
0.663425
0.671879
0.683531
0.698188
0.715205
0.733516
0.751781
0.768609
0.782668
0.792937
0.798889
0.800544
0.798508
0.793639
0.786811
0.778736
0.769843
0.760356
0.750404
0.740084
0.729496
0.718684
0.707611
0.696347
0.685062
0.674085
0.663918
0.655168
0.648402
0.643946
0.641811
0.641622
0.642792
0.64478
0.647254
0.650343
0.654695
0.661301
0.671161
0.684839
0.702083
0.721896
0.742731
0.76279
0.780283
0.793373
0.800306
0.799522
0.789931
0.771117
0.743894
0.710429
0.674414
0.64082
0.614788
0.6001
0.598078
0.607471
0.625478
0.648644
0.673603
0.697688
0.719168
0.737157
0.751324
0.761368
0.766837
0.76742
0.763428
0.756052
0.747205
0.738783
0.731944
0.726976
0.723453
0.720631
0.717677
0.713869
0.708565
0.701341
0.692024
0.680738
0.668012
0.654922
0.643066
0.634283
0.63025
0.632049
0.639863
0.652775
0.669038
0.686565
0.703386
0.718054
0.729761
0.73823
0.743533
0.745888
0.745612
0.743129
0.738935
0.73345
0.727014
0.719841
0.712189
0.70454
0.697547
0.692005
0.688599
0.687762
0.689745
0.69468
0.702436
0.712412
0.723674
0.735026
0.745445
0.754233
0.761164
0.766162
0.768873
0.768521
0.764168
0.75527
0.742206
0.726485
0.710546
0.696974
0.687746
0.683662
0.684278
0.688242
0.69363
0.698512
0.701498
0.702158
0.701008
0.699307
0.69841
0.699174
0.701669
0.705199
0.708725
0.711184
0.711972
0.711144
0.709245
0.70696
0.704844
0.703043
0.701285
0.699169
0.69629
0.692488
0.687976
0.683255
0.679107
0.676339
0.675608
0.677356
0.681643
0.688011
0.695502
0.702749
0.708345
0.711233
0.710939
0.707802
0.702913
0.697802
0.693959
0.692523
0.694072
0.698696
0.70612
0.715874
0.727287
0.739444
0.751214
0.76135
0.768724
0.772559
0.772551
0.768858
0.762026
0.752897
0.742582
0.732416
0.723795
0.71787
0.71513
0.715262
0.717018
0.718732
0.718894
0.716506
0.711248
0.703296
0.693257
0.682209
0.671774
0.663848
0.66003
0.660886
0.665633
0.672605
0.680119
0.687119
0.693298
0.698867
0.704217
0.709459
0.714069
0.716974
0.717104
0.713991
0.708165
0.701021
0.694321
0.689367
0.686664
0.686081
0.68731
0.690081
0.69409
0.698882
0.703818
0.70835
0.71218
0.715198
0.717466
0.719096
0.720067
0.72024
0.719342
0.717129
0.713441
0.70847
0.702986
0.698248
0.695588
0.695866
0.699019
0.703945
0.708879
0.712138
0.712554
0.709789
0.704239
0.696826
0.688696
0.680912
0.674273
0.66932
0.666496
0.666351
0.669478
0.676283
0.686873
0.700742
0.716735
0.733269
0.748535
0.760699
0.768186
0.770072
0.766379
0.758289
0.7479
0.737518
0.728944
0.723297
0.721119
0.722457
0.726758
0.732749
0.73855
0.742065
0.741434
0.735457
0.72382
0.707268
0.687826
0.668899
0.655148
0.651149
0.658847
0.675908
0.697284
0.718067
0.735073
0.746714
0.752436
0.752314
0.747038
0.737918
0.72684
0.716191
0.708347
0.705092
0.707109
0.713664
0.7229
0.732366
0.73957
0.742631
0.740513
0.73324
0.721822
0.707969
0.693665
0.680854
0.671138
0.665709
0.665121
0.669293
0.677496
0.688455
0.700682
0.712772
0.723974
0.734385
0.744536
0.754487
0.763035
0.768044
0.76746
0.760253
0.746827
0.728937
0.709235
0.690641
0.675658
0.665712
0.660932
0.660168
0.661769
0.664433
0.667856
0.672723
0.679957
0.689936
0.702101
0.715182
0.727371
0.736544
0.740736
0.73901
0.731986
0.721448
0.709646
0.69855
0.689533
0.683231
0.679735
0.678875
0.680508
0.684565
0.690904
0.699049
0.708149
0.717063
0.724707
0.730365
0.733944
0.735874
0.736838
0.737297
0.737192
0.735953
0.732817
0.72742
0.720264
0.71259
0.705926
0.701521
0.700079
0.701734
0.706216
0.713015
0.721456
0.730766
0.740095
0.748513
0.755115
0.759036
0.759631
0.75644
0.749378
0.738903
0.726044
0.712427
0.700216
0.691568
0.687699
0.688235
0.691497
0.695446
0.698689
0.700753
0.701909
0.702798
0.704154
0.706459
0.709756
0.713601
0.717135
0.719354
0.719377
0.716675
0.711177
0.703241
0.693603
0.683091
0.672504
0.662428
0.653182
0.645125
0.638751
0.634792
0.634064
0.637207
0.644279
0.654706
0.667308
0.68069
0.693629
0.705273
0.715254
0.723611
0.730587
0.736362
0.740855
0.743689
0.744321
0.742359
0.737742
0.730892
0.722683
0.714405
0.707684
0.704159
0.704969
0.710347
0.719398
0.730356
0.741136
0.749801
0.754897
0.755656
0.751924
0.744213
0.733515
0.721109
0.708139
0.695387
0.683275
0.672164
0.662504
0.654871
0.649785
0.647633
0.648555
0.652371
0.658609
0.666542
0.675415
0.68466
0.694064
0.703694
0.713623
0.723747
0.733629
0.74255
0.749617
0.753985
0.754977
0.752261
0.745852
0.736178
0.724098
0.71101
0.698679
0.688951
0.683266
0.682294
0.685791
0.692858
0.702245
0.712616
0.722664
0.731237
0.737418
0.740667
0.740706
0.737557
0.731497
0.723018
0.7128
0.701714
0.690706
0.680705
0.672592
0.667112
0.664922
0.666341
0.671081
0.678233
0.686603
0.695158
0.703309
0.71095
0.718147
0.724948
0.731269
0.73688
0.741423
0.744462
0.745492
0.744023
0.739777
0.732761
0.723617
0.713621
0.704426
0.697656
0.694289
0.694401
0.697199
0.701532
0.70621
0.710319
0.713321
0.714871
0.71487
0.7133
0.710213
0.705953
0.701162
0.696626
0.693118
0.691102
0.690675
0.691695
0.693979
0.697282
0.701286
0.705473
0.709234
0.711952
0.713098
0.712364
0.709727
0.705597
0.700808
0.696531
0.694051
0.694512
0.698489
0.705686
0.714684
0.72328
0.729112
0.730495
0.726975
0.719365
0.709363
0.698994
0.689984
0.683473
0.680059
0.679999
0.683431
0.690241
0.699892
0.711324
0.723118
0.733773
0.74197
0.746868
0.748308
0.746774
0.743211
0.738663
0.734011
0.729737
0.725883
0.722172
0.718225
0.713674
0.70847
0.703031
0.698212
0.694968
0.694011
0.695582
0.699348
0.704591
0.710354
0.715507
0.718872
0.719306
0.716021
0.709011
0.699187
0.688153
0.677796
0.669712
0.664801
0.663556
0.666355
0.673325
0.684222
0.698057
0.71308
0.727145
0.738186
0.744652
0.745884
0.742194
0.734781
0.725379
0.715814
0.707577
0.701524
0.697877
0.696428
0.696721
0.698233
0.700374
0.702564
0.704168
0.704555
0.703155
0.699582
0.693787
0.686214
0.677789
0.669814
0.663822
0.661257
0.66311
0.669667
0.680449
0.694141
0.708906
0.722861
0.734434
0.742729
0.747544
0.749242
0.748537
0.746272
0.743246
0.740139
0.737503
0.735719
0.734906
0.73485
0.734869
0.734072
0.731501
0.726457
0.718681
0.708487
0.696751
0.684841
0.674268
0.666275
0.661591
0.660284
0.661828
0.665414
0.670202
0.675489
0.680592
0.684792
0.687341
0.687722
0.686017
0.68301
0.680126
0.678984
0.680812
0.685979
0.693915
0.703368
0.712807
0.720955
0.727005
0.73067
0.732084
0.731624
0.72973
0.726754
0.722819
0.71789
0.711807
0.704546
0.69638
0.688005
0.680329
0.674161
0.670076
0.668428
0.66938
0.672843
0.678567
0.686142
0.695116
0.704965
0.715032
0.724607
0.732958
0.739515
0.743977
0.746467
0.747349
0.746976
0.745435
0.74231
0.736945
0.728718
0.717505
0.704123
0.690462
0.679311
0.673596
0.67534
0.68453
0.698881
0.714774
0.728887
0.739287
0.745579
0.748554
0.74954
0.749861
0.750392
0.751511
0.753022
0.754163
0.753918
0.751232
0.745401
0.736223
0.724058
0.709614
0.69375
0.677297
0.661077
0.646015
0.633264
0.62424
0.620415
0.622777
0.631212
0.644477
0.660495
0.676938
0.691788
0.703738
0.712342
0.717949
0.721372
0.723435
0.724792
0.725688
0.726062
0.72569
0.724505
0.72278
0.721053
0.719924
0.719869
0.720954
0.722874
0.725088
0.727096
0.728473
0.728845
0.727844
0.725172
0.720688
0.714606
0.707452
0.699945
0.692918
0.687225
0.68367
0.682849
0.685067
0.690253
0.697815
0.706865
0.716368
0.725342
0.732905
0.738319
0.741066
0.740876
0.737989
0.733148
0.727491
0.722144
0.717871
0.714878
0.71284
0.711293
0.709866
0.708324
0.706527
0.704266
0.701116
0.696568
0.690352
0.682849
0.675237
0.669219
0.666343
0.66737
0.672085
0.679644
0.68908
0.699658
0.710929
0.722585
0.734271
0.745456
0.755492
0.763669
0.769302
0.771773
0.770582
0.765425
0.756114
0.742595
0.724947
0.703565
0.679302
0.653625
0.62867
0.606926
0.590829
0.582076
0.581133
0.587169
0.598485
0.613108
0.629332
0.646003
0.662684
0.679455
0.696741
0.714905
0.733857
0.752866
0.77058
0.785273
0.795477
0.80035
0.799976
0.79535
0.788083
0.779922
0.772132
0.765369
0.759683
0.754702
0.749975
0.745117
0.739893
0.734115
0.727758
0.720976
0.71402
0.707248
0.700901
0.694993
0.689409
0.68391
0.678139
0.671751
0.664646
0.657186
0.650312
0.64561
0.645174
0.651106
0.664702
0.68562
0.711417
0.737973
0.760775
0.776172
0.782251
0.778873
0.767338
0.749946
0.729321
0.707916
0.687733
0.670264
0.656532
0.647048
0.641955
0.640997
0.643566
0.803937
0.805887
0.805311
0.802426
0.797824
0.792305
0.78677
0.781989
0.778512
0.776574
0.776114
0.776905
0.778646
0.781161
0.784169
0.787208
0.789579
0.790603
0.789918
0.787556
0.78388
0.779383
0.77434
0.768706
0.762289
0.755015
0.747339
0.74025
0.734902
0.731968
0.731193
0.731619
0.732383
0.733619
0.736657
0.743391
0.755116
0.77169
0.79156
0.812381
0.831732
0.847581
0.858395
0.863308
0.862193
0.855677
0.845017
0.83193
0.818128
0.804957
0.79308
0.782483
0.772566
0.762763
0.752867
0.743275
0.735034
0.729559
0.728195
0.731645
0.739507
0.750301
0.761936
0.772617
0.781472
0.788548
0.794453
0.799811
0.80496
0.809766
0.813846
0.816977
0.819221
0.82101
0.822998
0.826106
0.83117
0.83859
0.847908
0.857761
0.866263
0.871706
0.873177
0.870679
0.864918
0.856736
0.846891
0.836167
0.825633
0.816381
0.809029
0.803366
0.79863
0.794001
0.788967
0.783493
0.777814
0.772345
0.767469
0.763485
0.76029
0.757274
0.753349
0.747368
0.738614
0.727245
0.714436
0.702193
0.692896
0.688761
0.691272
0.700817
0.716541
0.736676
0.759032
0.781466
0.802291
0.820317
0.834709
0.844981
0.850899
0.852513
0.850059
0.844042
0.835214
0.824508
0.813183
0.802759
0.794955
0.79137
0.792958
0.79972
0.810446
0.823014
0.834863
0.843524
0.847143
0.844778
0.836506
0.823194
0.806317
0.787606
0.768816
0.751644
0.737699
0.728239
0.723949
0.724758
0.730062
0.73912
0.751274
0.766049
0.782954
0.801317
0.820175
0.83851
0.85546
0.870244
0.882032
0.889907
0.89278
0.889637
0.879763
0.862929
0.839729
0.811772
0.781776
0.753255
0.729654
0.713133
0.703926
0.700571
0.700996
0.703653
0.707884
0.713555
0.720554
0.728485
0.736736
0.744653
0.751694
0.757491
0.76196
0.765471
0.768863
0.773236
0.779401
0.787693
0.79785
0.809141
0.820484
0.830722
0.838947
0.844658
0.847861
0.848801
0.847702
0.844707
0.839991
0.833968
0.827143
0.819879
0.812155
0.803574
0.793875
0.783412
0.773358
0.765534
0.761857
0.763506
0.770385
0.781069
0.793405
0.805267
0.81505
0.82167
0.824371
0.822738
0.816783
0.807189
0.795469
0.78374
0.77432
0.768924
0.768168
0.771483
0.777639
0.785443
0.79404
0.802941
0.811614
0.819184
0.82459
0.827066
0.826509
0.82348
0.818966
0.814001
0.80942
0.805629
0.802594
0.799912
0.797081
0.79373
0.789937
0.786304
0.783997
0.78426
0.787721
0.793835
0.801023
0.807048
0.809661
0.807142
0.798878
0.785619
0.769464
0.753507
0.741182
0.735409
0.73789
0.748689
0.766391
0.78856
0.81227
0.83462
0.853071
0.865801
0.871907
0.871405
0.865089
0.854399
0.841153
0.827288
0.814444
0.803608
0.794982
0.78812
0.782415
0.77746
0.773285
0.770304
0.769014
0.769599
0.771763
0.774801
0.777851
0.780343
0.782327
0.78455
0.788052
0.793692
0.801586
0.81096
0.820226
0.827408
0.830638
0.828603
0.820882
0.808168
0.792199
0.775388
0.760167
0.748334
0.740682
0.736901
0.735971
0.73658
0.737513
0.737824
0.737041
0.735255
0.733004
0.730999
0.729925
0.730168
0.73164
0.733761
0.735417
0.735042
0.731265
0.723618
0.713403
0.704026
0.70023
0.705903
0.722083
0.746797
0.776608
0.808142
0.838497
0.865337
0.886929
0.902208
0.910801
0.912948
0.909475
0.901621
0.89097
0.879236
0.867977
0.85827
0.850452
0.844098
0.838179
0.831508
0.823161
0.812818
0.800946
0.788747
0.778003
0.770698
0.768513
0.772328
0.781918
0.796006
0.812501
0.828823
0.842207
0.850193
0.850992
0.84383
0.829111
0.808476
0.784329
0.759466
0.73654
0.717851
0.70511
0.699292
0.700526
0.708074
0.720488
0.735915
0.752306
0.767561
0.779788
0.78781
0.791544
0.791934
0.790717
0.789954
0.791547
0.796656
0.805395
0.816737
0.828714
0.839031
0.845561
0.846789
0.842025
0.83124
0.815111
0.794969
0.772702
0.750629
0.731176
0.716536
0.70816
0.706494
0.711078
0.72094
0.734893
0.751723
0.770226
0.789048
0.806613
0.8212
0.831343
0.836121
0.835362
0.829778
0.820726
0.810064
0.799899
0.792189
0.788346
0.789018
0.79392
0.801977
0.811527
0.82064
0.827491
0.830664
0.829549
0.824393
0.816255
0.806469
0.796178
0.786148
0.776919
0.768931
0.76256
0.75799
0.755167
0.753868
0.753794
0.754647
0.756131
0.758076
0.760462
0.7634
0.766888
0.770509
0.773374
0.774385
0.772641
0.767875
0.760658
0.752236
0.74412
0.73763
0.733547
0.731985
0.73274
0.735748
0.74102
0.748335
0.757146
0.7668
0.776817
0.786782
0.796205
0.804732
0.812472
0.820112
0.828639
0.838752
0.85044
0.862979
0.875159
0.885417
0.892077
0.893516
0.888635
0.877163
0.860066
0.839246
0.81736
0.797113
0.780912
0.770366
0.766068
0.767603
0.773616
0.782318
0.791757
0.800145
0.806059
0.808476
0.806809
0.801098
0.792195
0.781681
0.771554
0.763579
0.758655
0.756624
0.756608
0.75771
0.759661
0.76275
0.767431
0.77368
0.780839
0.787905
0.794053
0.798715
0.80145
0.801798
0.799512
0.794705
0.787886
0.779769
0.771065
0.762266
0.753873
0.746612
0.741701
0.74061
0.744345
0.753047
0.765934
0.781675
0.798838
0.816044
0.832015
0.84558
0.855778
0.86206
0.864409
0.863164
0.858772
0.851555
0.841815
0.830213
0.818143
0.807766
0.801328
0.799948
0.802828
0.807518
0.810931
0.810664
0.805801
0.797032
0.786233
0.775734
0.767702
0.763553
0.763777
0.76783
0.774192
0.78064
0.784815
0.784942
0.780344
0.771537
0.760056
0.748077
0.737905
0.731705
0.731148
0.737091
0.74947
0.76719
0.788234
0.809912
0.829471
0.844581
0.853745
0.856458
0.85315
0.844992
0.833522
0.820398
0.807213
0.795267
0.785525
0.778602
0.774692
0.773559
0.77462
0.777103
0.780274
0.783671
0.787084
0.790558
0.794308
0.798595
0.803744
0.810049
0.817374
0.825039
0.831975
0.837023
0.839371
0.838676
0.835014
0.828644
0.82012
0.810356
0.800613
0.792011
0.784951
0.779136
0.773876
0.768709
0.763588
0.758674
0.754112
0.749939
0.746298
0.743577
0.742226
0.742578
0.744636
0.748119
0.752716
0.758475
0.765957
0.776046
0.78931
0.805358
0.822496
0.838086
0.849418
0.854363
0.851794
0.841684
0.82486
0.802938
0.778339
0.754598
0.736169
0.727081
0.728804
0.739485
0.755207
0.772094
0.787564
0.800339
0.809975
0.81645
0.819891
0.820426
0.818166
0.813377
0.806662
0.799137
0.792276
0.787554
0.786014
0.788166
0.794001
0.802999
0.814124
0.825887
0.836872
0.846057
0.853015
0.857573
0.859532
0.858465
0.853819
0.845382
0.833175
0.817691
0.799822
0.780849
0.762266
0.745483
0.731503
0.720853
0.713672
0.709997
0.709882
0.713269
0.719707
0.728352
0.738114
0.747883
0.756821
0.764498
0.770912
0.776339
0.781241
0.786006
0.790642
0.794681
0.797395
0.798035
0.796259
0.792222
0.786574
0.780435
0.775204
0.772429
0.773602
0.779945
0.791882
0.808563
0.827725
0.846034
0.860076
0.867282
0.866675
0.858929
0.845959
0.830198
0.813908
0.798759
0.785807
0.775799
0.769405
0.767237
0.769602
0.776133
0.78572
0.796629
0.806923
0.815004
0.820046
0.822417
0.823669
0.826152
0.832062
0.842137
0.855206
0.868635
0.879437
0.885125
0.884079
0.875563
0.859644
0.837214
0.810059
0.780823
0.753045
0.730869
0.718222
0.717363
0.727495
0.744825
0.764304
0.781671
0.79467
0.802924
0.807289
0.808967
0.809009
0.808034
0.80631
0.803825
0.800355
0.795391
0.788148
0.77779
0.763785
0.746527
0.727627
0.709741
0.695938
0.688676
0.688964
0.696226
0.708798
0.724551
0.741592
0.758537
0.774433
0.788736
0.801171
0.811748
0.820622
0.82789
0.833207
0.835925
0.83527
0.830737
0.822548
0.811966
0.800973
0.791844
0.786423
0.785617
0.78941
0.796872
0.806816
0.817965
0.829184
0.839451
0.847919
0.853872
0.856745
0.856268
0.852386
0.845122
0.834497
0.820836
0.805032
0.788419
0.772455
0.758228
0.746413
0.737415
0.731609
0.729463
0.731467
0.737899
0.748618
0.762964
0.779804
0.797508
0.813957
0.826574
0.83271
0.830442
0.819406
0.801431
0.78026
0.760329
0.745189
0.736515
0.734181
0.736932
0.743107
0.751019
0.759229
0.766607
0.77239
0.77624
0.778449
0.779803
0.781506
0.784921
0.791079
0.800233
0.811553
0.82329
0.833245
0.83949
0.840922
0.837623
0.830708
0.821698
0.811965
0.802464
0.793873
0.787105
0.78324
0.783315
0.787806
0.796342
0.807708
0.820125
0.831667
0.840591
0.845686
0.846477
0.843133
0.836068
0.825494
0.811488
0.794433
0.77565
0.757644
0.743753
0.736764
0.737511
0.744385
0.754499
0.765212
0.774992
0.783306
0.789989
0.794881
0.797579
0.797714
0.795136
0.790006
0.782947
0.775045
0.767689
0.762207
0.759508
0.759706
0.762207
0.765863
0.76937
0.77154
0.771463
0.768609
0.762855
0.754638
0.74527
0.736987
0.732477
0.734076
0.742973
0.758623
0.778834
0.800507
0.820597
0.836845
0.848098
0.854302
0.856214
0.855027
0.852206
0.849102
0.846614
0.845035
0.843954
0.842372
0.839003
0.832702
0.822988
0.810061
0.794816
0.778714
0.763564
0.751186
0.743103
0.740092
0.741945
0.747607
0.755596
0.764453
0.773069
0.78084
0.787488
0.792947
0.797262
0.800463
0.802504
0.803412
0.803296
0.802271
0.800363
0.797485
0.793641
0.78918
0.784803
0.781266
0.778885
0.77746
0.776501
0.775517
0.77431
0.772807
0.771011
0.769273
0.768641
0.770658
0.776413
0.785598
0.796749
0.808128
0.818336
0.826548
0.832394
0.835837
0.837205
0.836966
0.835545
0.833249
0.830296
0.826952
0.823431
0.819602
0.814823
0.808197
0.799305
0.788834
0.778741
0.771504
0.768882
0.771131
0.777036
0.784777
0.792841
0.80028
0.806483
0.81105
0.813758
0.814549
0.813567
0.811056
0.807224
0.802207
0.795964
0.788181
0.778493
0.766653
0.753021
0.738788
0.725921
0.716623
0.712657
0.80156
0.806198
0.812735
0.819852
0.82635
0.831284
0.834004
0.834227
0.832244
0.828965
0.825666
0.823764
0.824395
0.828127
0.834775
0.843441
0.852787
0.861403
0.868181
0.872438
0.873877
0.872446
0.868292
0.861699
0.853278
0.844074
0.835471
0.828864
0.825205
0.824642
0.826494
0.829661
0.833094
0.836139
0.838709
0.841029
0.843312
0.845537
0.847233
0.847718
0.846569
0.844274
0.8425
0.843505
0.848862
0.858581
0.87111
0.884074
0.894923
0.901487
0.902297
0.896841
0.885567
0.869656
0.850689
0.830331
0.810149
0.791556
0.775938
0.76468
0.758965
0.759449
0.765856
0.776916
0.790673
0.80498
0.81806
0.828778
0.836735
0.842068
0.845125
0.846153
0.845079
0.841598
0.835513
0.827141
0.817511
0.808318
0.801573
0.799163
0.802343
0.811295
0.824942
0.841145
0.857281
0.87101
0.8809
0.886712
0.889069
0.88882
0.886459
0.881979
0.875188
0.866065
0.854938
0.842441
0.829379
0.816815
0.806163
0.798949
0.796337
0.798654
0.805253
0.814808
0.825784
0.836654
0.846223
0.853636
0.858437
0.860542
0.860185
0.857707
0.853491
0.848122
0.842475
0.837554
0.834247
0.833192
0.834621
0.838267
0.8436
0.849941
0.856538
0.862424
0.866493
0.867943
0.866612
0.862892
0.857465
0.850856
0.843032
0.833575
0.822199
0.80946
0.79692
0.786883
0.781585
0.782417
0.789444
0.801364
0.815939
0.830605
0.84306
0.851645
0.85562
0.855006
0.850718
0.844369
0.837962
0.833538
0.832765
0.836488
0.844571
0.855861
0.868423
0.880014
0.888584
0.892694
0.891817
0.88629
0.876974
0.864879
0.851091
0.836805
0.823215
0.810941
0.799511
0.787744
0.774547
0.759957
0.745427
0.733429
0.726648
0.727228
0.736093
0.752538
0.774434
0.798889
0.823067
0.844918
0.863423
0.878535
0.890742
0.900515
0.90788
0.912523
0.91399
0.912019
0.906573
0.897801
0.885754
0.87065
0.853209
0.835138
0.819007
0.807419
0.801771
0.801567
0.80484
0.809173
0.812744
0.814781
0.815466
0.815559
0.81595
0.817289
0.819985
0.824188
0.829817
0.836673
0.844439
0.852571
0.860324
0.866786
0.871116
0.872999
0.872924
0.871916
0.870813
0.869818
0.86844
0.866135
0.862726
0.858412
0.85341
0.847835
0.841676
0.835073
0.828436
0.822549
0.818478
0.817478
0.820406
0.827126
0.83616
0.844996
0.85101
0.852534
0.849576
0.843777
0.837759
0.834158
0.834829
0.840427
0.850516
0.863811
0.878399
0.892071
0.902634
0.908296
0.908026
0.901822
0.890734
0.876603
0.86167
0.848035
0.837207
0.829932
0.826229
0.825786
0.82805
0.832166
0.837004
0.841189
0.843467
0.843062
0.839818
0.834144
0.826741
0.818319
0.809521
0.800901
0.792983
0.786086
0.780208
0.775266
0.77146
0.769412
0.769912
0.773436
0.779845
0.78827
0.797565
0.806571
0.814438
0.820634
0.824961
0.82752
0.828767
0.829439
0.83036
0.832127
0.834838
0.838201
0.841781
0.845233
0.848374
0.851163
0.853629
0.85594
0.858334
0.861033
0.864113
0.867389
0.870338
0.872172
0.872124
0.86977
0.865244
0.859186
0.852461
0.846009
0.840715
0.837451
0.837026
0.83993
0.845988
0.853858
0.861542
0.867137
0.869398
0.868153
0.864107
0.858558
0.852871
0.848036
0.84443
0.841856
0.839744
0.837444
0.834432
0.83029
0.82451
0.816686
0.80669
0.795108
0.783571
0.774593
0.770717
0.773375
0.782212
0.795428
0.810706
0.825995
0.839848
0.851248
0.859521
0.86425
0.865262
0.862608
0.856674
0.848086
0.837764
0.826775
0.816289
0.807439
0.80132
0.799088
0.801924
0.810575
0.824632
0.842087
0.859746
0.874338
0.883489
0.886053
0.881926
0.871737
0.856678
0.838364
0.818755
0.800008
0.784288
0.773424
0.768543
0.769863
0.776868
0.788581
0.803824
0.821134
0.838644
0.853994
0.864518
0.868102
0.863873
0.852934
0.838151
0.823033
0.810667
0.803217
0.801902
0.807131
0.818507
0.834732
0.853745
0.873085
0.890387
0.903758
0.911865
0.914089
0.910516
0.902256
0.891532
0.881075
0.873065
0.868182
0.865497
0.863449
0.860745
0.856766
0.851417
0.844872
0.837619
0.830576
0.824891
0.82157
0.820842
0.821917
0.823393
0.824017
0.823279
0.821515
0.819607
0.818537
0.819067
0.821697
0.826813
0.834632
0.844923
0.856799
0.868494
0.8778
0.882601
0.881592
0.874708
0.862829
0.847374
0.829993
0.812587
0.797286
0.786144
0.780556
0.781189
0.787888
0.799831
0.815506
0.832584
0.848242
0.859804
0.865408
0.864667
0.858747
0.850064
0.841539
0.835637
0.833851
0.836419
0.842478
0.850316
0.857743
0.862601
0.863445
0.85998
0.853024
0.844148
0.835319
0.828607
0.825755
0.827867
0.835162
0.846939
0.861629
0.876931
0.890121
0.898428
0.899709
0.89301
0.879062
0.860263
0.840172
0.822364
0.809122
0.801091
0.798102
0.800117
0.807079
0.818172
0.831409
0.844111
0.853737
0.858427
0.857283
0.850464
0.838965
0.824685
0.810272
0.798721
0.792465
0.792576
0.798675
0.809619
0.824253
0.841604
0.860563
0.879525
0.896407
0.909237
0.916515
0.917438
0.911875
0.900427
0.884271
0.865005
0.844432
0.824154
0.805469
0.78925
0.775918
0.765788
0.75947
0.758153
0.763431
0.776748
0.798435
0.826979
0.859169
0.89096
0.918714
0.939709
0.95229
0.955738
0.950158
0.936444
0.916208
0.891652
0.865481
0.840681
0.820172
0.806196
0.799726
0.800305
0.806328
0.815423
0.82501
0.832917
0.837739
0.839017
0.837081
0.832613
0.826187
0.817974
0.807713
0.795039
0.77999
0.76344
0.747098
0.733254
0.724257
0.72196
0.727155
0.739348
0.756861
0.777318
0.79813
0.816929
0.831772
0.841524
0.846107
0.846424
0.844024
0.840359
0.836453
0.832857
0.829961
0.828307
0.82852
0.831181
0.83657
0.844583
0.854718
0.866142
0.877779
0.888516
0.897358
0.903699
0.907559
0.909623
0.910933
0.912552
0.915084
0.918255
0.920847
0.921049
0.917087
0.907853
0.89323
0.874276
0.853062
0.832212
0.814325
0.801235
0.793766
0.791594
0.793553
0.798
0.803319
0.808283
0.812151
0.81477
0.816556
0.818385
0.821014
0.824406
0.82756
0.829188
0.828349
0.824723
0.81857
0.810415
0.801037
0.791463
0.782759
0.775832
0.771325
0.769588
0.770714
0.774485
0.780395
0.787784
0.796057
0.80475
0.813497
0.821995
0.830143
0.837987
0.845623
0.85319
0.860641
0.867699
0.873949
0.878865
0.882081
0.883335
0.88254
0.879698
0.874891
0.86838
0.860559
0.852029
0.843408
0.835379
0.828566
0.823446
0.820327
0.819232
0.819839
0.821592
0.823944
0.826341
0.828391
0.830063
0.831794
0.834536
0.839356
0.846974
0.857358
0.869545
0.881892
0.892445
0.899314
0.901098
0.897033
0.88718
0.872492
0.854794
0.836485
0.820204
0.808426
0.802959
0.804673
0.813274
0.827315
0.844254
0.86071
0.873281
0.879547
0.879137
0.873908
0.866616
0.858822
0.850148
0.839718
0.827859
0.816375
0.807719
0.803923
0.805788
0.812692
0.823003
0.83452
0.845122
0.853167
0.857902
0.859605
0.859406
0.858617
0.857983
0.857284
0.855566
0.851628
0.844551
0.834098
0.821092
0.80757
0.796719
0.791757
0.794502
0.804398
0.818754
0.834072
0.847298
0.856318
0.860103
0.858472
0.85187
0.841066
0.826984
0.81098
0.795114
0.782161
0.775022
0.775561
0.783934
0.798663
0.817309
0.837298
0.856447
0.873072
0.886045
0.894604
0.898205
0.896396
0.888814
0.875452
0.857084
0.835483
0.813376
0.793556
0.777696
0.76579
0.756576
0.748763
0.742097
0.737719
0.737814
0.744485
0.758572
0.778874
0.802528
0.826119
0.846823
0.863062
0.874507
0.881561
0.884992
0.885641
0.88414
0.880856
0.876107
0.870373
0.864374
0.859168
0.855948
0.85571
0.858796
0.864881
0.873116
0.882382
0.891442
0.898933
0.903139
0.902325
0.894983
0.880432
0.859161
0.833008
0.805055
0.779383
0.760349
0.751566
0.754701
0.768872
0.790781
0.815716
0.838783
0.8561
0.865532
0.86679
0.861103
0.850382
0.836542
0.820971
0.804515
0.787812
0.771745
0.757761
0.747752
0.743643
0.746823
0.757481
0.774439
0.795381
0.817407
0.837838
0.854709
0.867095
0.875109
0.879629
0.881819
0.882588
0.882286
0.880745
0.877608
0.872538
0.865508
0.85684
0.847179
0.837475
0.828967
0.823005
0.820851
0.823446
0.831194
0.84343
0.857884
0.871265
0.88079
0.885153
0.884263
0.878299
0.867437
0.852189
0.833837
0.81446
0.796733
0.783449
0.777007
0.77861
0.7877
0.801878
0.817432
0.830394
0.837849
0.838838
0.834987
0.830573
0.831396
0.84177
0.861277
0.885112
0.907689
0.92547
0.937283
0.943398
0.944609
0.941876
0.936181
0.928379
0.91908
0.908601
0.897044
0.88432
0.870282
0.854901
0.838443
0.821603
0.80557
0.791898
0.782245
0.777839
0.77892
0.784564
0.792973
0.801924
0.809461
0.814188
0.815447
0.813261
0.808143
0.800866
0.792435
0.784116
0.777428
0.77413
0.775963
0.784329
0.799749
0.821411
0.846979
0.873054
0.895805
0.911794
0.918568
0.915106
0.901997
0.881279
0.856076
0.830036
0.806624
0.7883
0.776096
0.769844
0.768762
0.77204
0.779034
0.789222
0.802001
0.816459
0.831431
0.845458
0.857212
0.865748
0.870826
0.873008
0.873473
0.873543
0.874378
0.876628
0.880461
0.88568
0.89187
0.898563
0.90511
0.910674
0.914251
0.915037
0.912787
0.907903
0.901219
0.893631
0.885904
0.878581
0.871792
0.865183
0.85783
0.848476
0.836085
0.82038
0.802058
0.782597
0.764055
0.748622
0.738124
0.733616
0.735169
0.741919
0.752383
0.764968
0.778304
0.791571
0.804373
0.81646
0.827532
0.837236
0.845285
0.851599
0.856345
0.85988
0.862503
0.864438
0.865778
0.866645
0.867373
0.868442
0.870166
0.872401
0.874582
0.875873
0.875533
0.873161
0.868518
0.861429
0.851884
0.840426
0.82839
0.81763
0.809878
0.806321
0.807506
0.81359
0.824246
0.838529
0.854603
0.869997
0.882166
0.889047
0.889719
0.884567
0.8751
0.863564
0.790647
0.784992
0.784507
0.789055
0.797753
0.809325
0.822378
0.835425
0.846988
0.855957
0.861826
0.864748
0.86526
0.86375
0.860114
0.853921
0.844784
0.832853
0.818958
0.804225
0.789676
0.775931
0.7633
0.752001
0.742788
0.736888
0.735294
0.737955
0.743643
0.750978
0.759132
0.767814
0.776775
0.785421
0.792823
0.798086
0.80072
0.800866
0.799217
0.796702
0.794241
0.792608
0.792348
0.793727
0.796707
0.80104
0.806559
0.813325
0.821351
0.830321
0.839392
0.84731
0.852812
0.854921
0.853307
0.848435
0.841641
0.834924
0.830414
0.829526
0.832542
0.838531
0.845801
0.85245
0.85687
0.857895
0.854913
0.8478
0.836766
0.822401
0.805926
0.789288
0.774897
0.764775
0.759677
0.759027
0.761788
0.767148
0.77454
0.783398
0.792654
0.800791
0.805976
0.806456
0.801056
0.789756
0.77409
0.757023
0.742258
0.73277
0.7297
0.732232
0.738699
0.7477
0.758643
0.771514
0.786341
0.802755
0.819819
0.836032
0.84957
0.858538
0.861338
0.856944
0.845238
0.827254
0.805309
0.782817
0.763613
0.750799
0.745999
0.749174
0.758876
0.7727
0.787858
0.801884
0.813439
0.822365
0.829244
0.834716
0.83913
0.842463
0.844706
0.845886
0.845996
0.844998
0.8428
0.839364
0.834751
0.829076
0.822402
0.81476
0.806163
0.796852
0.78741
0.778877
0.77269
0.770248
0.77239
0.779034
0.789244
0.801678
0.814971
0.827975
0.839673
0.849107
0.855291
0.857581
0.855755
0.850113
0.841384
0.830501
0.818346
0.805529
0.792387
0.779178
0.766225
0.754024
0.743182
0.734097
0.727001
0.722055
0.719562
0.720032
0.724186
0.732611
0.745326
0.761425
0.779211
0.79659
0.811644
0.823095
0.830494
0.834264
0.835479
0.835636
0.836235
0.838226
0.841711
0.846112
0.850594
0.854148
0.855702
0.854125
0.848379
0.83781
0.822416
0.803008
0.781384
0.760274
0.742887
0.732003
0.729121
0.733835
0.744073
0.756849
0.769306
0.779485
0.78676
0.791673
0.795457
0.799377
0.804185
0.810115
0.816946
0.824175
0.830992
0.836463
0.839826
0.840856
0.839982
0.838147
0.836485
0.835855
0.836488
0.837846
0.838911
0.838502
0.835654
0.830003
0.821955
0.812569
0.803308
0.795484
0.789843
0.78642
0.784763
0.78428
0.784544
0.785184
0.78583
0.785909
0.784673
0.781444
0.776081
0.769366
0.762794
0.758028
0.75616
0.757235
0.760492
0.764944
0.769739
0.77447
0.779194
0.784376
0.790408
0.797275
0.804461
0.811138
0.816503
0.820134
0.822162
0.82319
0.824149
0.825808
0.82847
0.831717
0.834603
0.835906
0.834698
0.830721
0.824604
0.817673
0.811788
0.809074
0.811385
0.81945
0.83229
0.847239
0.860758
0.869643
0.871825
0.866798
0.85548
0.839844
0.822417
0.805757
0.791971
0.782591
0.778516
0.77998
0.786271
0.795629
0.805459
0.813059
0.816635
0.815809
0.811618
0.805834
0.800373
0.796943
0.796761
0.800383
0.807437
0.816621
0.826187
0.834571
0.840665
0.843914
0.844225
0.842032
0.838216
0.833752
0.829119
0.82412
0.818077
0.810524
0.801604
0.792266
0.784101
0.778787
0.777231
0.778998
0.782343
0.785046
0.785296
0.78225
0.776198
0.768399
0.76094
0.756358
0.756846
0.763306
0.774678
0.788423
0.801762
0.812845
0.821093
0.826628
0.829564
0.82961
0.826382
0.819879
0.810969
0.801469
0.793842
0.79048
0.79299
0.801795
0.81616
0.834575
0.854949
0.874825
0.89161
0.902869
0.906547
0.901366
0.887044
0.864623
0.836808
0.807783
0.782124
0.763216
0.752102
0.74771
0.747871
0.750058
0.751789
0.751092
0.747038
0.740282
0.733261
0.729464
0.732098
0.74282
0.761064
0.784525
0.810227
0.835589
0.858833
0.878735
0.894276
0.904258
0.907221
0.901713
0.8868
0.86248
0.83005
0.792266
0.753228
0.717884
0.690971
0.676167
0.675471
0.689009
0.714809
0.748855
0.786036
0.821598
0.852126
0.875747
0.891712
0.899908
0.900673
0.894759
0.883218
0.867336
0.848541
0.82855
0.809399
0.793052
0.781037
0.774114
0.772234
0.774809
0.780835
0.789104
0.798434
0.807815
0.816694
0.825114
0.833422
0.841808
0.849791
0.856041
0.858685
0.856028
0.847273
0.833042
0.815468
0.797724
0.782874
0.772559
0.766535
0.763274
0.761177
0.759352
0.757792
0.757167
0.758597
0.763381
0.772575
0.786595
0.804866
0.82579
0.847177
0.866759
0.882708
0.893885
0.899766
0.900027
0.894496
0.882878
0.864921
0.840735
0.811195
0.778371
0.745749
0.717921
0.699581
0.694076
0.702399
0.723139
0.753147
0.788319
0.824136
0.856283
0.881257
0.896907
0.902591
0.898924
0.8873
0.869526
0.847691
0.824084
0.800916
0.779984
0.76237
0.748524
0.738482
0.732081
0.729136
0.729376
0.732424
0.737839
0.745385
0.755151
0.767316
0.781765
0.797588
0.813165
0.826616
0.836356
0.841647
0.842669
0.840367
0.836146
0.83142
0.827234
0.824127
0.822065
0.820683
0.819343
0.817177
0.813004
0.805787
0.795259
0.782298
0.769048
0.758368
0.753007
0.754923
0.764912
0.782213
0.804477
0.828089
0.849217
0.864866
0.873355
0.874339
0.868586
0.857741
0.843867
0.828862
0.81408
0.799996
0.786558
0.773687
0.761602
0.750791
0.741964
0.736022
0.733995
0.736896
0.74513
0.757957
0.773285
0.788292
0.80061
0.809198
0.814515
0.817949
0.820826
0.823774
0.826763
0.829676
0.832856
0.837073
0.843133
0.851181
0.860396
0.869379
0.876642
0.880995
0.88164
0.878195
0.870493
0.858671
0.843329
0.825657
0.807411
0.790518
0.776655
0.76696
0.761689
0.76005
0.760494
0.761411
0.761953
0.762383
0.763713
0.766962
0.772483
0.779716
0.787447
0.794305
0.799394
0.802873
0.805979
0.81012
0.815783
0.822147
0.827845
0.831766
0.833457
0.832928
0.830371
0.82604
0.820146
0.812968
0.805
0.796914
0.789555
0.783652
0.779531
0.7771
0.776033
0.776088
0.777453
0.780874
0.787322
0.79733
0.810662
0.82624
0.8426
0.858435
0.872705
0.884395
0.892329
0.895291
0.892557
0.884358
0.872101
0.857898
0.843707
0.830729
0.819467
0.810143
0.802988
0.798327
0.796289
0.796663
0.798722
0.801275
0.802884
0.802326
0.799042
0.793297
0.785929
0.777912
0.76992
0.762207
0.754745
0.7475
0.74079
0.73536
0.732259
0.732695
0.737768
0.747949
0.762425
0.778825
0.793707
0.803703
0.806635
0.802229
0.792131
0.779441
0.767601
0.759379
0.756068
0.757405
0.761735
0.76688
0.771464
0.776563
0.786022
0.803007
0.825561
0.847568
0.863734
0.872301
0.874346
0.87212
0.867888
0.863474
0.859929
0.857445
0.855453
0.853089
0.849648
0.845031
0.839665
0.834275
0.829207
0.824082
0.818127
0.810854
0.802621
0.794837
0.789402
0.787914
0.790859
0.797447
0.806072
0.815023
0.822945
0.828991
0.832684
0.833667
0.831689
0.826548
0.818263
0.807293
0.79471
0.782277
0.772135
0.766261
0.765866
0.770935
0.780395
0.792505
0.805243
0.816598
0.824884
0.828953
0.828345
0.823328
0.814619
0.803213
0.790161
0.776672
0.764311
0.754753
0.74942
0.749076
0.753612
0.762105
0.773094
0.784896
0.796002
0.805389
0.812661
0.818028
0.821891
0.824577
0.825922
0.825207
0.821585
0.81452
0.804254
0.792042
0.780005
0.770575
0.765742
0.766558
0.772891
0.783519
0.796389
0.809066
0.819448
0.826409
0.830137
0.831805
0.832812
0.833998
0.835287
0.836272
0.836804
0.837002
0.837116
0.837277
0.837549
0.838023
0.838751
0.839602
0.8402
0.840076
0.838943
0.836811
0.833984
0.83096
0.828329
0.826468
0.825553
0.825389
0.825529
0.825438
0.824693
0.823129
0.820863
0.817917
0.81401
0.808547
0.800669
0.789721
0.77556
0.758744
0.740724
0.7237
0.710356
0.703409
0.704994
0.715973
0.735413
0.760528
0.787337
0.811891
0.83141
0.844686
0.851825
0.853698
0.851526
0.846731
0.841004
0.836202
0.833894
0.834893
0.838921
0.844559
0.849663
0.851976
0.849715
0.842164
0.829996
0.815219
0.800601
0.788643
0.780476
0.775554
0.77245
0.770026
0.768072
0.767244
0.768701
0.773455
0.781775
0.792749
0.804317
0.813926
0.819538
0.820166
0.816127
0.808858
0.800482
0.793324
0.78942
0.789825
0.794079
0.80034
0.806534
0.811582
0.815886
0.820679
0.826974
0.83485
0.843475
0.851627
0.858129
0.8621
0.863006
0.860713
0.855433
0.847733
0.838594
0.829124
0.820401
0.813303
0.808463
0.806353
0.807396
0.81191
0.819824
0.83034
0.841824
0.852099
0.858767
0.859709
0.85351
0.839847
0.819773
0.795725
0.771023
0.74907
0.732373
0.722024
0.717747
0.718581
0.723529
0.731793
0.742656
0.755249
0.768736
0.782424
0.79581
0.808492
0.82003
0.830108
0.838487
0.845144
0.85027
0.854146
0.857087
0.859292
0.860561
0.860382
0.85814
0.853223
0.845216
0.834362
0.821973
0.810434
0.801983
0.797039
0.794011
0.790604
0.78536
0.778175
0.770148
0.762981
0.758336
0.757311
0.760129
0.766098
0.773934
0.78249
0.791208
0.800174
0.809511
0.818792
0.826904
0.8325
0.834823
0.834026
0.830777
0.826019
0.820771
0.816061
0.812861
0.812017
0.813924
0.81829
0.82411
0.830086
0.835168
0.838832
0.841029
0.841793
0.840948
0.838029
0.832542
0.824396
0.814201
0.803256
0.793152
0.785295
0.780284
0.777747
0.776699
0.776142
0.775638
0.775477
0.7763
0.778325
0.781134
0.784063
0.78697
0.790468
0.795518
0.802615
0.811128
0.819373
0.82503
0.82592
0.820832
0.810006
0.795223
0.77949
0.766424
0.759389
0.76052
0.770296
0.787521
0.809741
0.833733
0.856251
0.874645
0.887431
0.894125
0.894863
0.889924
0.87957
0.864287
0.845221
0.824307
0.804184
0.787454
0.775981
0.770448
0.77044
0.774894
0.782429
0.79158
0.800944
0.80953
0.817228
0.824758
0.832654
0.840066
0.844554
0.843707
0.836759
0.824788
0.809873
0.794088
0.779086
0.766232
0.756747
0.751653
0.751519
0.75619
0.764829
0.77622
0.788991
0.801683
0.812818
0.82118
0.826434
0.829344
0.802362
0.806654
0.813579
0.82307
0.834243
0.845746
0.855949
0.863059
0.865427
0.861972
0.852463
0.837623
0.818779
0.797402
0.774713
0.751652
0.729218
0.70865
0.691504
0.679401
0.673476
0.674113
0.681083
0.693844
0.711553
0.732861
0.755864
0.778509
0.798981
0.816016
0.828837
0.83721
0.841304
0.841677
0.839196
0.834815
0.829401
0.823751
0.81849
0.814261
0.811752
0.811596
0.814258
0.819782
0.827607
0.836656
0.845456
0.852357
0.855638
0.853578
0.844962
0.829442
0.808026
0.782936
0.756928
0.732527
0.711559
0.695087
0.683395
0.676246
0.673029
0.673048
0.675715
0.680893
0.689028
0.700922
0.717245
0.73788
0.761681
0.786665
0.810595
0.831585
0.848298
0.860082
0.866689
0.868107
0.864305
0.855275
0.841197
0.822804
0.801379
0.778511
0.755841
0.734919
0.71734
0.704948
0.699806
0.703916
0.718516
0.743221
0.775651
0.811846
0.847288
0.878045
0.901413
0.915916
0.921213
0.917707
0.9065
0.889309
0.868324
0.845714
0.823075
0.801386
0.781569
0.765115
0.754273
0.75125
0.756887
0.769668
0.786155
0.802502
0.815906
0.825208
0.830531
0.832734
0.832837
0.83158
0.829306
0.825789
0.82044
0.812604
0.802024
0.789047
0.774621
0.760057
0.746725
0.735877
0.728312
0.724292
0.72349
0.72513
0.72856
0.73365
0.741055
0.751931
0.767168
0.786403
0.807819
0.828836
0.846872
0.859957
0.86692
0.86757
0.862605
0.853302
0.841085
0.827006
0.811701
0.795621
0.779482
0.764481
0.752308
0.744649
0.742477
0.745656
0.752813
0.761916
0.770883
0.778073
0.782595
0.784411
0.78419
0.782877
0.78121
0.7795
0.777819
0.776275
0.775253
0.775168
0.776237
0.77821
0.78041
0.78215
0.783117
0.78376
0.785107
0.78811
0.792977
0.798965
0.804719
0.809042
0.811342
0.811558
0.809823
0.80623
0.800984
0.794494
0.787633
0.781511
0.776927
0.773957
0.771854
0.769362
0.765253
0.758859
0.750226
0.740073
0.729603
0.720445
0.714507
0.713482
0.718346
0.728944
0.74425
0.762885
0.783496
0.804854
0.8258
0.84512
0.861522
0.873814
0.88114
0.883207
0.880338
0.873506
0.864119
0.853638
0.843128
0.833084
0.823432
0.813852
0.804144
0.794465
0.785348
0.777494
0.771259
0.766366
0.762
0.757244
0.751627
0.745464
0.739512
0.7344
0.730152
0.726349
0.72249
0.718264
0.713698
0.709086
0.705166
0.703349
0.705613
0.713843
0.728935
0.750122
0.775098
0.800725
0.823977
0.842335
0.854164
0.858837
0.856756
0.849305
0.838429
0.826121
0.813985
0.802831
0.792892
0.783928
0.775776
0.76853
0.762579
0.758447
0.75665
0.757535
0.761227
0.767495
0.775921
0.786034
0.797383
0.809395
0.82117
0.831406
0.838782
0.84253
0.842829
0.840724
0.837679
0.83501
0.833379
0.832756
0.832478
0.831602
0.829196
0.824674
0.817992
0.809726
0.80092
0.792951
0.787021
0.783745
0.782956
0.783778
0.784918
0.784992
0.78287
0.778
0.770417
0.760719
0.749959
0.739578
0.731227
0.726405
0.726062
0.730282
0.738276
0.748741
0.760194
0.771298
0.781035
0.788778
0.794407
0.798188
0.800735
0.80286
0.805319
0.808644
0.812829
0.817455
0.821853
0.825153
0.826588
0.825586
0.821861
0.815491
0.807197
0.798363
0.790745
0.785781
0.783936
0.784432
0.785706
0.786105
0.784654
0.78141
0.777266
0.773457
0.770841
0.769761
0.770086
0.771383
0.77313
0.774699
0.775543
0.775316
0.774014
0.772061
0.770218
0.769309
0.769902
0.772124
0.775709
0.780187
0.78524
0.790813
0.797049
0.804126
0.812127
0.821044
0.831014
0.842207
0.854448
0.866723
0.876998
0.882865
0.882547
0.87543
0.861993
0.843364
0.821055
0.796935
0.773241
0.752396
0.736157
0.724988
0.718203
0.714569
0.713059
0.713317
0.715597
0.720346
0.727854
0.738087
0.750747
0.765363
0.781176
0.797204
0.81237
0.825605
0.836057
0.843197
0.846769
0.846834
0.843783
0.838285
0.831121
0.822998
0.814421
0.805739
0.797286
0.789735
0.784235
0.782211
0.784794
0.79222
0.803388
0.815969
0.826998
0.833771
0.834667
0.829449
0.819
0.80471
0.788074
0.770603
0.753931
0.739998
0.730772
0.727848
0.731885
0.742409
0.758054
0.776968
0.797365
0.81767
0.836517
0.852585
0.864704
0.871875
0.873434
0.868977
0.858269
0.841149
0.817542
0.787707
0.752687
0.71469
0.677163
0.644556
0.62142
0.611333
0.616116
0.635471
0.667389
0.708764
0.755702
0.803931
0.84915
0.887462
0.915887
0.932666
0.937341
0.930745
0.914894
0.892909
0.868624
0.84577
0.82675
0.811884
0.799801
0.788491
0.776417
0.763266
0.749983
0.738518
0.731032
0.72897
0.73248
0.740475
0.751141
0.762725
0.773907
0.783722
0.791307
0.795885
0.79691
0.794267
0.78849
0.780806
0.772746
0.765856
0.761132
0.759017
0.759473
0.762433
0.768053
0.776609
0.788357
0.803284
0.820817
0.83969
0.857924
0.873248
0.883391
0.886587
0.881776
0.868661
0.847827
0.820786
0.790047
0.758839
0.730694
0.708781
0.695165
0.690554
0.694389
0.705172
0.720906
0.739472
0.758894
0.777436
0.793763
0.806843
0.815993
0.820691
0.820617
0.815556
0.805494
0.79063
0.771589
0.74983
0.728036
0.710284
0.701329
0.704806
0.721107
0.746907
0.776699
0.804992
0.827701
0.842523
0.848729
0.846846
0.838246
0.824912
0.80912
0.793479
0.780652
0.772917
0.77166
0.777041
0.787927
0.802185
0.817288
0.830781
0.840701
0.845703
0.845257
0.839746
0.830369
0.819019
0.807866
0.798673
0.792417
0.789026
0.787718
0.787472
0.787386
0.786832
0.785398
0.782884
0.779201
0.774325
0.768366
0.761637
0.754754
0.748724
0.744815
0.744155
0.747444
0.754731
0.765361
0.778214
0.792091
0.805863
0.818426
0.82863
0.835346
0.837624
0.834986
0.827641
0.816569
0.803251
0.789369
0.776584
0.766263
0.759332
0.756097
0.756257
0.758995
0.763286
0.768149
0.772635
0.775855
0.777057
0.775865
0.772604
0.768414
0.764747
0.762691
0.762414
0.763295
0.764464
0.765366
0.766056
0.767114
0.769368
0.773542
0.779874
0.78788
0.796566
0.804856
0.812141
0.818598
0.825137
0.832782
0.841951
0.851906
0.860721
0.866118
0.866318
0.860589
0.849247
0.833415
0.814661
0.794857
0.776083
0.76036
0.749544
0.744951
0.746976
0.754908
0.766952
0.780712
0.793671
0.803675
0.809373
0.810377
0.807237
0.801179
0.793743
0.786288
0.779658
0.774228
0.770021
0.766884
0.76475
0.763575
0.763364
0.764255
0.766494
0.770285
0.775502
0.781579
0.787888
0.794189
0.800667
0.807708
0.815489
0.823763
0.831855
0.838937
0.844215
0.847043
0.846941
0.843597
0.836951
0.827228
0.815118
0.801763
0.788599
0.7771
0.768524
0.763806
0.76336
0.766785
0.772604
0.77848
0.781816
0.780484
0.773615
0.762008
0.748042
0.735101
0.726859
0.726415
0.735471
0.753751
0.778732
0.806262
0.831818
0.8516
0.863209
0.865871
0.860063
0.847286
0.829703
0.809818
0.790019
0.772291
0.758019
0.747918
0.74219
0.740554
0.742324
0.746492
0.751819
0.757101
0.761427
0.764425
0.766282
0.767533
0.768958
0.771249
0.774972
0.780504
0.787934
0.797144
0.807798
0.819208
0.830401
0.840061
0.846847
0.849674
0.847741
0.840605
0.828241
0.811076
0.79016
0.767059
0.743706
0.722206
0.704747
0.693358
0.689588
0.694213
0.70701
0.727068
0.752892
0.782716
0.814303
0.845002
0.871965
0.892589
0.905005
0.908251
0.902212
0.887634
0.866267
0.841035
0.815707
0.794048
0.778592
0.770056
0.767701
0.769983
0.77513
0.781294
0.786673
0.789959
0.790814
0.789973
0.788949
0.789305
0.792038
0.797135
0.803783
0.810676
0.816198
0.818621
0.816458
0.809017
0.796941
0.782366
0.768451
0.75843
0.754522
0.757045
0.764462
0.773984
0.782618
0.788019
0.789001
0.785644
0.779124
0.771351
0.764387
0.759914
0.758712
0.760577
0.764529
0.76922
0.773569
0.777175
0.780174
0.782529
0.783815
0.78368
0.78263
0.782131
0.783884
0.788934
0.797146
0.807324
0.817839
0.827265
0.834865
0.840843
0.846002
0.851296
0.857377
0.863899
0.869367
0.871628
0.868685
0.859452
0.844268
0.824893
0.803921
0.783867
0.766243
0.751433
0.739417
0.730349
0.724642
0.722711
0.724723
0.730428
0.739188
0.750057
0.761907
0.773333
0.78277
0.78866
0.78986
0.78597
0.777666
0.766647
0.75529
0.746437
0.74268
0.745386
0.754142
0.766706
0.779781
0.790188
0.7958
0.795956
0.791397
0.783865
0.775462
0.767978
0.762491
0.759361
0.758496
0.759637
0.762698
0.767837
0.775578
0.786464
0.800378
0.816134
0.831566
0.844316
0.852583
0.855559
0.853288
0.846314
0.835405
0.821312
0.804872
0.787186
0.769737
0.754263
0.742539
0.735881
0.734867
0.739146
0.747646
0.758925
0.771518
0.784336
0.796695
0.808038
0.817825
0.825487
0.830638
0.833247
0.833534
0.832008
0.829266
0.825768
0.821831
0.817543
0.812729
0.806959
0.799789
0.79102
0.780911
0.770083
0.759184
0.748648
0.738659
0.729373
0.721207
0.714966
0.711687
0.712205
0.716668
0.724558
0.735022
0.747208
0.760426
0.774311
0.788819
0.804159
0.820504
0.837673
0.85474
0.870114
0.881777
0.887908
0.887286
0.879674
0.865895
0.847661
0.82724
0.806857
0.788257
0.772501
0.759924
0.750348
0.743464
0.739063
0.737047
0.737132
0.738735
0.741064
0.743559
0.746084
0.748834
0.752016
0.755649
0.759638
0.763792
0.767767
0.77104
0.773097
0.773783
0.773501
0.773088
0.773638
0.776291
0.781761
0.789773
0.798705
0.806199
0.810163
0.809686
0.805322
0.798866
0.792533
0.788236
0.786942
0.788555
0.792361
0.797662
0.804109
0.811633
0.820046
0.828638
0.83609
0.841058
0.842491
0.839902
0.83335
0.823278
0.810487
0.79644
0.783352
0.773808
0.769828
0.771713
0.777849
0.785407
0.791621
0.794699
0.794258
0.790997
0.78603
0.780208
0.773832
0.766958
0.75992
0.75353
0.749122
0.748116
0.751505
0.75957
0.811731
0.825287
0.837845
0.846974
0.850722
0.848036
0.839077
0.825138
0.808463
0.791759
0.777527
0.767503
0.762332
0.761827
0.765456
0.773002
0.784537
0.79989
0.818089
0.836991
0.853656
0.865084
0.869044
0.864474
0.851712
0.832503
0.80991
0.78776
0.769981
0.759689
0.758442
0.766052
0.780937
0.800772
0.823051
0.845283
0.865012
0.879913
0.888167
0.888975
0.882836
0.871269
0.85651
0.840734
0.825604
0.812049
0.800333
0.790365
0.782121
0.775961
0.772667
0.773172
0.778106
0.787299
0.799664
0.813512
0.826971
0.838304
0.846128
0.849456
0.847803
0.841324
0.830998
0.818491
0.805642
0.79377
0.783357
0.774443
0.767273
0.762453
0.760583
0.761835
0.765787
0.771422
0.777394
0.782213
0.784431
0.782783
0.776567
0.766008
0.752692
0.739752
0.731481
0.731847
0.742668
0.762721
0.788508
0.815705
0.840422
0.859805
0.872164
0.876966
0.874872
0.867656
0.85806
0.849157
0.843571
0.842692
0.846308
0.852898
0.860329
0.866512
0.869811
0.869041
0.863402
0.85267
0.837531
0.81976
0.801753
0.785627
0.772518
0.762462
0.755089
0.750387
0.748782
0.750702
0.75601
0.763803
0.772689
0.781279
0.788617
0.79447
0.799197
0.803581
0.808469
0.814265
0.820717
0.827039
0.832298
0.835804
0.837375
0.837234
0.835624
0.83245
0.827288
0.819682
0.809743
0.798636
0.788523
0.781814
0.780238
0.784081
0.79206
0.801978
0.811505
0.818819
0.822963
0.823732
0.821271
0.815826
0.807555
0.796585
0.78322
0.768336
0.753584
0.74143
0.735008
0.737212
0.749221
0.769281
0.793166
0.816194
0.834925
0.84787
0.855065
0.857482
0.856632
0.854417
0.852888
0.853869
0.858547
0.867187
0.879213
0.893512
0.908674
0.923104
0.935042
0.94261
0.943799
0.936797
0.920403
0.894554
0.860566
0.821271
0.780657
0.743141
0.712713
0.691935
0.681626
0.681192
0.689373
0.704639
0.725041
0.74807
0.77107
0.791669
0.808126
0.819399
0.825209
0.826091
0.823238
0.818222
0.812701
0.808001
0.80487
0.803475
0.803499
0.80419
0.804631
0.803926
0.801679
0.798399
0.795452
0.794417
0.796151
0.800409
0.806238
0.812507
0.818402
0.82334
0.826794
0.828142
0.826581
0.821603
0.813073
0.801671
0.788825
0.776287
0.765755
0.758505
0.755326
0.756543
0.762178
0.771955
0.785234
0.800866
0.817466
0.833627
0.848186
0.860523
0.870408
0.877787
0.882462
0.884038
0.88224
0.877086
0.869116
0.858977
0.847232
0.834174
0.819709
0.803487
0.785399
0.766386
0.749074
0.737466
0.735275
0.743837
0.761219
0.783198
0.80517
0.823741
0.837279
0.845625
0.849395
0.849526
0.846961
0.842558
0.837217
0.831786
0.826871
0.822638
0.818682
0.814271
0.80893
0.802839
0.796973
0.792642
0.791014
0.792688
0.797582
0.804797
0.812718
0.819047
0.821173
0.816688
0.80423
0.784128
0.75878
0.732294
0.709372
0.69418
0.689647
0.697024
0.715718
0.743477
0.776944
0.812213
0.845417
0.87336
0.893919
0.90626
0.9108
0.908894
0.902187
0.892169
0.879937
0.866373
0.852338
0.83876
0.826306
0.815215
0.805325
0.796244
0.787665
0.779623
0.772413
0.766547
0.762437
0.760194
0.759566
0.760154
0.761523
0.763349
0.765426
0.767792
0.77081
0.775107
0.781361
0.789887
0.800387
0.812004
0.823679
0.834399
0.843421
0.850304
0.854862
0.857068
0.856918
0.854399
0.849619
0.842879
0.834741
0.826031
0.817699
0.810618
0.805278
0.801894
0.800509
0.801133
0.80376
0.808203
0.813759
0.819115
0.822666
0.823134
0.820062
0.813893
0.805655
0.796487
0.787442
0.779493
0.773445
0.769939
0.769383
0.77194
0.777518
0.785755
0.795912
0.806824
0.817043
0.825034
0.829524
0.829899
0.826352
0.819794
0.81168
0.803807
0.798169
0.796492
0.799428
0.80601
0.814172
0.821845
0.827747
0.831508
0.833465
0.834561
0.835868
0.83807
0.841178
0.844457
0.846891
0.847596
0.846102
0.842635
0.838078
0.833743
0.83075
0.829381
0.829085
0.82878
0.82728
0.82358
0.817015
0.807421
0.795345
0.782103
0.769461
0.759229
0.752787
0.750663
0.752654
0.758084
0.766157
0.776239
0.787953
0.801017
0.815035
0.829375
0.843263
0.85597
0.866838
0.875346
0.881
0.883337
0.88192
0.876542
0.867207
0.854222
0.838308
0.820476
0.802046
0.784624
0.770131
0.760553
0.75738
0.760803
0.769156
0.779216
0.787615
0.792262
0.792873
0.790517
0.786558
0.782021
0.777529
0.773545
0.770721
0.769678
0.770712
0.773743
0.778648
0.785501
0.794382
0.804995
0.816609
0.8282
0.838662
0.846955
0.852317
0.854316
0.852913
0.848564
0.842181
0.834983
0.828324
0.823632
0.822174
0.824834
0.831781
0.842149
0.854081
0.865291
0.873722
0.877931
0.877024
0.870228
0.857443
0.840011
0.820758
0.803042
0.789529
0.781643
0.779587
0.78266
0.789773
0.799724
0.811315
0.823361
0.834521
0.843492
0.84913
0.850646
0.847672
0.840129
0.828015
0.811503
0.791136
0.768518
0.746342
0.728022
0.716582
0.713661
0.719026
0.730849
0.746463
0.763187
0.778988
0.792688
0.80387
0.812682
0.819434
0.824257
0.826897
0.826843
0.823804
0.818083
0.810775
0.803461
0.797781
0.794841
0.795168
0.798625
0.804644
0.812365
0.820875
0.829424
0.837388
0.844329
0.849793
0.853223
0.85416
0.852277
0.84755
0.840212
0.830961
0.821206
0.812889
0.808149
0.808405
0.813625
0.822387
0.832466
0.841646
0.848278
0.851416
0.850685
0.846097
0.838018
0.827083
0.814202
0.800347
0.786607
0.774073
0.763794
0.756471
0.752278
0.750768
0.750993
0.752012
0.753309
0.75507
0.757956
0.762582
0.769067
0.776964
0.785353
0.793228
0.799687
0.804183
0.806545
0.807044
0.806355
0.805421
0.805261
0.806759
0.810392
0.816062
0.823058
0.830173
0.836138
0.839902
0.84077
0.838296
0.83235
0.823116
0.811192
0.797686
0.784014
0.771549
0.761328
0.754039
0.750099
0.749703
0.752845
0.759108
0.767462
0.776419
0.784553
0.7907
0.794044
0.794063
0.790441
0.783406
0.774088
0.764651
0.757887
0.75633
0.761302
0.77258
0.788736
0.807762
0.827647
0.846708
0.863707
0.87764
0.887577
0.892585
0.892064
0.886225
0.876258
0.864195
0.852365
0.842877
0.837154
0.835623
0.83777
0.84242
0.848335
0.854496
0.859997
0.86383
0.86482
0.86177
0.854025
0.841707
0.825742
0.807758
0.789605
0.773002
0.759456
0.750506
0.747637
0.75135
0.760281
0.77154
0.782013
0.78948
0.792949
0.792385
0.788478
0.782457
0.775999
0.77098
0.769169
0.77175
0.778581
0.78804
0.797737
0.805773
0.811676
0.816431
0.821683
0.828616
0.837172
0.846129
0.853788
0.858776
0.860498
0.85901
0.854887
0.848818
0.841464
0.833298
0.824723
0.816428
0.809469
0.805387
0.805674
0.811139
0.82114
0.833673
0.845902
0.855188
0.859768
0.859165
0.854094
0.84591
0.836
0.825268
0.814129
0.802589
0.79072
0.778964
0.768432
0.760899
0.75847
0.762956
0.775172
0.794543
0.818974
0.845189
0.869333
0.887648
0.897263
0.896672
0.8857
0.865351
0.83755
0.804989
0.771102
0.740015
0.716091
0.702954
0.702291
0.713409
0.73378
0.760313
0.790227
0.82128
0.851501
0.87883
0.901085
0.916182
0.922608
0.919724
0.907919
0.888513
0.86347
0.83512
0.805815
0.777746
0.752736
0.732264
0.7175
0.709311
0.708076
0.713609
0.725295
0.742137
0.762743
0.785182
0.807117
0.826239
0.840693
0.849509
0.852664
0.851093
0.846358
0.840313
0.834615
0.830434
0.828146
0.827396
0.827294
0.826622
0.824265
0.81967
0.813411
0.807339
0.804118
0.805925
0.813167
0.824096
0.835624
0.844491
0.848248
0.845722
0.837041
0.823615
0.807823
0.792398
0.779795
0.771497
0.767774
0.76787
0.770569
0.774709
0.779729
0.785781
0.793286
0.802266
0.811882
0.820458
0.826156
0.827708
0.824954
0.818726
0.810258
0.800806
0.791366
0.782951
0.776598
0.773432
0.774299
0.779695
0.789659
0.803806
0.821402
0.841104
0.860683
0.877091
0.887136
0.888337
0.879728
0.862188
0.838176
0.810812
0.783065
0.757557
0.73677
0.722975
0.71734
0.719096
0.725846
0.735085
0.745402
0.756562
0.768919
0.782785
0.798088
0.81438
0.830855
0.846387
0.859495
0.868672
0.872825
0.871872
0.866875
0.85977
0.852612
0.846952
0.843372
0.841507
0.840431
0.839185
0.836909
0.832924
0.826754
0.8181
0.807195
0.795111
0.783863
0.775882
0.772824
0.77436
0.778618
0.783693
0.788387
0.791745
0.792868
0.791194
0.786749
0.779939
0.771274
0.76146
0.751633
0.74344
0.738963
0.740279
0.748908
0.76516
0.787783
0.814291
0.841651
0.867091
0.888466
0.904299
0.913613
0.915601
0.909684
0.895679
0.874444
0.848406
0.821475
0.798051
0.781521
0.773241
0.77277
0.778282
0.787149
0.796628
0.804661
0.810378
0.814203
0.817155
0.820055
0.82288
0.825038
0.826003
0.825738
0.824677
0.823218
0.821539
0.81963
0.817662
0.816128
0.815841
0.817511
0.821559
0.827792
0.835473
0.84335
0.849889
0.853693
0.853936
0.850629
0.844559
0.837164
0.830044
0.824511
0.821165
0.819837
0.819672
0.819482
0.817913
0.813835
0.806495
0.79572
0.782046
0.766711
0.751527
0.73852
0.729609
0.726271
0.729415
0.739181
0.754892
0.775095
0.797908
0.82151
0.844389
0.865276
0.883132
0.896962
0.905675
0.908265
0.904057
0.893047
0.876214
0.855497
0.833582
0.8133
0.796945
0.785732
0.779765
0.778141
0.779354
0.78155
0.782931
0.782132
0.778385
0.771668
0.762668
0.752663
0.743132
0.73549
0.730893
0.730256
0.73414
0.742407
0.75405
0.767323
0.780149
0.790787
0.798266
0.80247
0.803811
0.803061
0.801175
0.79911
0.797689
0.797443
0.798574
0.800998
0.804412
0.808332
0.811981
0.814356
0.814467
0.811891
0.807183
0.801733
0.79743
0.795969
0.798161
0.80359
0.810629
0.817081
0.820876
0.820746
0.816566
0.809393
0.801251
0.794665
0.792019
0.794668
0.80242
0.813448
