100 0.103799 0 0
100 0.126865 0 0
100 0.149932 0 0
100 0.172998 0 0
100 0.196065 0 0
100 0.219131 0 0
100 0.242198 0 0
100 0.265264 0 0
100 0.28833 0 0
100 0.311397 0 0
100 0.334463 0 0
100 0.35753 0 0
100 0.380596 0 0
100 0.403663 0 0
100 0.426729 0 0
100 0.449795 0 0
100 0.472862 0 0
100 0.495928 0 0
100 0.518995 0 0
100 0.542061 0 0
100 0.565128 0 0
100 0.588194 0 0
100 0.61126 0 0
100 0.634327 0 0
100 0.657393 0 0
100 0.68046 0 0
100 0.703526 0 0
100 0.726593 0 0
100 0.749659 0 0
100 0.772725 0 0
100 0.795792 0 0
100 0.818858 0 0
100 0.841925 0 0
100 0.864991 0 0
100 0.888058 0 0
100 0.911124 0 0
100 0.93419 5.96401e-05 3.1218e-05
100 0.957257 0.00372094 0.000286007
100 0.980323 0.0521325 0.00108431
100 1.00339 0.316821 0.00249719
100 1.02646 1.05405 0.0042733
100 1.04952 2.31061 0.00636207
100 1.07259 3.71059 0.0085508
100 1.09566 4.68974 0.00948829
100 1.11872 4.92482 0.00980396
100 1.14179 4.5021 0.00884889
100 1.16485 3.68613 0.00839518
100 1.18792 2.74284 0.00723756
100 1.21099 1.86393 0.00607846
100 1.23405 1.1687 0.0050025
100 1.25712 0.69218 0.00337219
100 1.28019 0.37892 0.00293287
100 1.30325 0.19295 0.00231329
100 1.32632 0.0965862 0.0015741
100 1.34939 0.0554095 0.0012406
100 1.37245 0.0474395 0.00126225
100 1.39552 0.0672808 0.0015542
100 1.41859 0.115623 0.00207284
100 1.44165 0.195672 0.00228224
100 1.46472 0.314267 0.00271699
100 1.48778 0.465414 0.00264
100 1.51085 0.647017 0.00284977
100 1.53392 0.816179 0.00353581
100 1.55698 0.940188 0.0044361
100 1.58005 0.987682 0.00477467
100 1.60312 0.946742 0.00434149
100 1.62618 0.820993 0.00352267
100 1.64925 0.657648 0.00302968
100 1.67232 0.482685 0.00227105
100 1.69538 0.33571 0.00234843
100 1.71845 0.23652 0.00241782
100 1.74152 0.208554 0.00264198
100 1.76458 0.278591 0.00264598
100 1.78765 0.468764 0.00263873
100 1.81071 0.801044 0.00355686
100 1.83378 1.25727 0.00356973
100 1.85685 1.79897 0.00392652
100 1.87991 2.29971 0.00476994
100 1.90298 2.657 0.00563627
100 1.92605 2.77261 0.00652508
100 1.94911 2.61912 0.00595198
100 1.97218 2.24601 0.00488178
100 1.99525 1.75327 0.00399737
100 2.01831 1.25904 0.00353066
100 2.04138 0.854113 0.00356108
100 2.06445 0.584557 0.00323898
100 2.08751 0.474627 0.00295249
100 2.11058 0.498132 0.00249722
100 2.13364 0.622752 0.00235125
100 2.15671 0.792171 0.00215931
100 2.17978 0.941139 0.00241269
100 2.20284 1.0343 0.00302438
100 2.22591 1.03524 0.00285283
100 2.24898 0.95533 0.00297376
100 2.27204 0.826685 0.00220322
100 2.29511 0.695475 0.0023313
100 2.31818 0.614919 0.00281575
100 2.34124 0.618726 0.00344944
100 2.36431 0.722105 0.00330125
100 2.38738 0.908993 0.00237249
