0 0 0 0
1 1 1 0
2 1.4173 2.01064 0.00438026
3 1.7309 2.99935 0.00580498
4 1.99337 3.97846 0.0070585
5 2.22233 4.94514 0.00803356
6 2.43666 5.94358 0.00796671
7 2.6404 6.97906 0.0086026
8 2.8312 8.024 0.00917429
9 2.99956 9.00666 0.00969923
10 3.16919 10.0558 0.011027
11 3.32116 11.0424 0.0111454
12 3.47331 12.0794 0.0125292
13 3.61767 13.1075 0.014179
14 3.75453 14.1166 0.0142595
15 3.88764 15.1315 0.0133878
16 4.01766 16.1616 0.0142214
17 4.14593 17.2105 0.0148234
18 4.26879 18.2462 0.0154542
19 4.3917 19.3152 0.016852
20 4.49978 20.2804 0.0180907
21 4.61001 21.287 0.0187507
22 4.71113 22.2304 0.0189685
23 4.81513 23.2222 0.0192444
24 4.92272 24.2702 0.0193506
25 5.02988 25.3398 0.0201163
26 5.13047 26.3655 0.021034
27 5.22667 27.3615 0.0209334
28 5.30819 28.2241 0.0218513
29 5.39312 29.1335 0.0219593
30 5.48134 30.0939 0.0222228
31 5.56553 31.0258 0.0226372
32 5.65222 32.0015 0.023325
33 5.72384 32.8189 0.0239104
34 5.8082 33.7951 0.0245906
35 5.89314 34.7892 0.0246276
36 5.97477 35.7652 0.0260739
37 6.05677 36.7511 0.0259292
38 6.15003 37.8917 0.0263706
39 6.23559 38.9529 0.0266585
40 6.32409 40.0646 0.0266709
41 6.39524 40.9724 0.0272049
42 6.46262 41.8359 0.0266824
43 6.54229 42.8707 0.0264222
44 6.62158 43.9159 0.0266806
45 6.70396 45.0173 0.0273919
46 6.77298 45.9471 0.0273023
47 6.84738 46.965 0.0281557
48 6.91815 47.9424 0.0287085
49 6.98458 48.8714 0.029665
50 7.05507 49.859 0.0292912
51 7.12329 50.8235 0.0288268
52 7.19015 51.7809 0.0289038
53 7.25934 52.7837 0.0294228
54 7.3262 53.7574 0.0291504
55 7.38796 54.666 0.0291407
56 7.44963 55.5887 0.0304344
57 7.50896 56.4813 0.0312732
58 7.57047 57.4086 0.031239
59 7.62294 58.2003 0.0303179
60 7.68116 59.0945 0.0308731
61 7.75148 60.178 0.0305804
62 7.812 61.1173 0.0301494
63 7.87906 62.1771 0.0313859
64 7.94039 63.1526 0.0322175
65 7.99835 64.0789 0.0326082
66 8.06036 65.0728 0.032302
67 8.12968 66.2016 0.033322
68 8.18706 67.1389 0.0334837
69 8.2557 68.2775 0.0349447
70 8.32114 69.3582 0.0343584
71 8.38749 70.4748 0.0354976
72 8.44027 71.3576 0.0347369
73 8.49394 72.2697 0.0352124
74 8.55122 73.2464 0.035266
75 8.61184 74.2937 0.0362267
76 8.66812 75.2691 0.0366332
77 8.72584 76.2776 0.03725
78 8.78348 77.292 0.037943
79 8.83942 78.2812 0.0383808
80 8.89773 79.3165 0.0385145
81 8.95267 80.2997 0.0388604
82 9.01603 81.4414 0.0392688
83 9.06741 82.3708 0.0393066
84 9.12793 83.4703 0.039084
85 9.18492 84.5159 0.0393262
86 9.23686 85.4799 0.0402358
87 9.28491 86.3718 0.0404774
88 9.35113 87.6131 0.0413694
89 9.40898 88.6962 0.0411167
90 9.44905 89.4587 0.0419336
91 9.50881 90.5985 0.0427665
92 9.56489 91.6645 0.0423293
93 9.61585 92.6332 0.0412757
94 9.66378 93.5497 0.0403475
95 9.70972 94.4306 0.0391601
96 9.75974 95.4038 0.0390902
97 9.80659 96.3197 0.0389795
98 9.85905 97.3498 0.0387733
99 9.91132 98.3876 0.0393475
