0 0 0 0
1 1 1 0
2 1.41579 2.006 0.00394344
3 1.73849 3.0254 0.00556246
4 2.01063 4.047 0.00663146
5 2.25157 5.0754 0.00767795
6 2.45752 6.047 0.00874899
7 2.64232 6.9904 0.00927749
8 2.82892 8.0116 0.00944454
9 2.99882 9.0044 0.0107673
10 3.16706 10.043 0.0113419
11 3.32177 11.0524 0.0135697
12 3.47349 12.0868 0.0147958
13 3.61446 13.0896 0.0159848
14 3.75243 14.1088 0.0168379
15 3.88265 15.1078 0.0182128
16 4.01585 16.1594 0.018078
17 4.14774 17.2372 0.0183907
18 4.27115 18.2762 0.0183919
19 4.38798 19.2912 0.0192914
20 4.49849 20.2756 0.0198919
21 4.60671 21.266 0.0211277
22 4.70653 22.1896 0.0196301
23 4.80457 23.122 0.0196107
24 4.91562 24.2032 0.0200715
25 5.00825 25.1238 0.0204165
26 5.11307 26.1824 0.0198244
27 5.19994 27.0784 0.0198639
28 5.29973 28.123 0.019031
29 5.39001 29.0876 0.018906
30 5.48821 30.1518 0.0177886
31 5.57857 31.154 0.0183964
32 5.65951 32.0666 0.0192079
33 5.7524 33.1322 0.0206339
34 5.84027 34.1528 0.0210816
35 5.92342 35.131 0.0211064
36 6.01033 36.1668 0.0207623
37 6.09008 37.135 0.0215344
38 6.17485 38.1766 0.0219929
39 6.26018 39.2382 0.0221112
40 6.34089 40.261 0.0233686
41 6.42357 41.3138 0.0228109
42 6.49817 42.2754 0.0222856
43 6.56967 43.2134 0.0230907
44 6.64701 44.2374 0.023483
45 6.72277 45.2514 0.023719
46 6.80028 46.2978 0.0233435
47 6.86839 47.2278 0.0231478
48 6.94254 48.2528 0.0233335
49 7.01814 49.3124 0.0242153
50 7.08819 50.2988 0.0238731
51 7.15445 51.2376 0.0227986
52 7.22466 52.2494 0.0232982
53 7.29139 53.2174 0.023135
54 7.36512 54.2974 0.022998
55 7.42298 55.1496 0.0222385
56 7.4888 56.1348 0.0230728
57 7.55966 57.207 0.0243266
58 7.62492 58.1988 0.0244863
59 7.69501 59.2742 0.0248243
60 7.75531 60.207 0.0250625
61 7.82303 61.2622 0.0251076
62 7.8819 62.1866 0.0250607
63 7.94236 63.1462 0.0256331
64 8.00028 64.0758 0.0268291
65 8.06071 65.0532 0.0281015
66 8.13165 66.2034 0.0283795
67 8.19509 67.2418 0.0288358
68 8.26262 68.3544 0.0290495
69 8.32484 69.3888 0.0294464
70 8.38189 70.346 0.0301391
71 8.44225 71.3598 0.0298427
72 8.49874 72.3138 0.0293278
73 8.55705 73.3144 0.0303797
74 8.62651 74.515 0.0315034
75 8.68019 75.4496 0.032389
76 8.74569 76.5976 0.0333981
77 8.8005 77.557 0.0330471
78 8.85372 78.4926 0.0324476
79 8.90843 79.4644 0.0324499
80 8.96787 80.532 0.0332337
81 9.02162 81.503 0.0338287
82 9.08597 82.6714 0.0343146
83 9.14905 83.8274 0.0351402
84 9.20406 84.8398 0.0355411
85 9.25163 85.7176 0.0355155
86 9.30232 86.6564 0.0352727
87 9.36416 87.8074 0.0347955
88 9.41451 88.7532 0.0348382
89 9.47163 89.8258 0.0339244
90 9.52463 90.8318 0.0338075
91 9.57581 91.8094 0.0338221
92 9.62334 92.7228 0.0339419
93 9.67527 93.7242 0.0338467
94 9.72169 94.625 0.0338977
95 9.77246 95.617 0.0342407
96 9.81613 96.4658 0.0332365
97 9.86683 97.469 0.034026
98 9.91591 98.4428 0.0344632
99 9.96726 99.4618 0.0341486
