0.6 0.78 -0.441102
0.601 0.78 -0.441469
0.602 0.78 -0.441011
0.603 0.78 -0.441263
0.604 0.78 -0.441708
0.605 0.78 -0.44189
0.606 0.78 -0.442287
0.607 0.78 -0.441685
0.608 0.78 -0.442308
0.609 0.78 -0.44182
0.61 0.78 -0.441842
0.611 0.78 -0.443316
0.612 0.78 -0.441943
0.613 0.78 -0.441626
0.614 0.78 -0.442367
0.615 0.78 -0.442971
0.616 0.78 -0.443669
0.617 0.78 -0.442723
0.618 0.78 -0.44312
0.619 0.78 -0.443502
0.62 0.78 -0.443717
0.621 0.78 -0.442836
0.622 0.78 -0.442971
0.623 0.78 -0.443994
0.624 0.78 -0.4418
0.625 0.78 -0.443639
0.626 0.78 -0.441435
0.627 0.78 -0.442398
0.628 0.78 -0.442623
0.629 0.78 -0.442061
0.63 0.78 -0.440513
0.631 0.78 -0.442341
0.632 0.78 -0.440151
0.633 0.78 -0.440921
0.634 0.78 -0.440524
0.635 0.78 -0.440753
0.636 0.78 -0.441775
0.637 0.78 -0.44025
0.638 0.78 -0.440207
0.639 0.78 -0.43979
0.64 0.78 -0.437912
0.641 0.78 -0.438657
0.642 0.78 -0.436517
0.643 0.78 -0.439159
0.644 0.78 -0.438042
0.645 0.78 -0.438534
0.646 0.78 -0.437645
0.647 0.78 -0.436431
0.648 0.78 -0.437144
0.649 0.78 -0.434647
0.6 0.781 -0.441903
0.601 0.781 -0.440802
0.602 0.781 -0.441952
0.603 0.781 -0.442666
0.604 0.781 -0.441977
0.605 0.781 -0.442177
0.606 0.781 -0.441942
0.607 0.781 -0.442155
0.608 0.781 -0.442605
0.609 0.781 -0.442871
0.61 0.781 -0.443582
0.611 0.781 -0.443366
0.612 0.781 -0.442824
0.613 0.781 -0.44286
0.614 0.781 -0.443579
0.615 0.781 -0.442491
0.616 0.781 -0.443067
0.617 0.781 -0.442625
0.618 0.781 -0.442742
0.619 0.781 -0.443698
0.62 0.781 -0.443835
0.621 0.781 -0.44206
0.622 0.781 -0.444201
0.623 0.781 -0.439976
0.624 0.781 -0.4422
0.625 0.781 -0.440236
0.626 0.781 -0.442147
0.627 0.781 -0.443114
0.628 0.781 -0.443146
0.629 0.781 -0.440615
0.63 0.781 -0.442374
0.631 0.781 -0.442764
0.632 0.781 -0.440549
0.633 0.781 -0.440938
0.634 0.781 -0.441788
0.635 0.781 -0.442047
0.636 0.781 -0.440597
0.637 0.781 -0.44093
0.638 0.781 -0.441471
0.639 0.781 -0.440568
0.64 0.781 -0.439068
0.641 0.781 -0.439006
0.642 0.781 -0.437037
0.643 0.781 -0.439829
0.644 0.781 -0.438941
0.645 0.781 -0.437271
0.646 0.781 -0.436818
0.647 0.781 -0.436752
0.648 0.781 -0.436308
0.649 0.781 -0.436271
0.6 0.782 -0.441048
0.601 0.782 -0.440183
0.602 0.782 -0.441531
0.603 0.782 -0.442266
0.604 0.782 -0.441171
0.605 0.782 -0.44359
0.606 0.782 -0.442527
0.607 0.782 -0.442109
0.608 0.782 -0.441705
0.609 0.782 -0.442799
0.61 0.782 -0.44397
0.611 0.782 -0.442476
0.612 0.782 -0.44269
0.613 0.782 -0.443589
0.614 0.782 -0.443759
0.615 0.782 -0.441031
0.616 0.782 -0.444339
0.617 0.782 -0.443039
0.618 0.782 -0.442632
0.619 0.782 -0.442159
0.62 0.782 -0.443376
0.621 0.782 -0.443569
0.622 0.782 -0.443496
0.623 0.782 -0.443852
0.624 0.782 -0.442807
0.625 0.782 -0.44398
0.626 0.782 -0.443094
0.627 0.782 -0.440558
0.628 0.782 -0.441751
0.629 0.782 -0.44231
0.63 0.782 -0.442713
0.631 0.782 -0.442509
0.632 0.782 -0.44197
0.633 0.782 -0.441135
0.634 0.782 -0.442153
0.635 0.782 -0.44055
0.636 0.782 -0.439031
0.637 0.782 -0.440528
0.638 0.782 -0.441066
0.639 0.782 -0.439066
0.64 0.782 -0.439504
0.641 0.782 -0.43989
0.642 0.782 -0.440152
0.643 0.782 -0.438588
0.644 0.782 -0.437161
0.645 0.782 -0.438736
0.646 0.782 -0.436942
0.647 0.782 -0.436654
0.648 0.782 -0.435899
0.649 0.782 -0.436213
0.6 0.783 -0.442497
0.601 0.783 -0.442353
0.602 0.783 -0.442332
0.603 0.783 -0.441755
0.604 0.783 -0.440865
0.605 0.783 -0.442577
0.606 0.783 -0.442413
0.607 0.783 -0.443868
0.608 0.783 -0.442418
0.609 0.783 -0.443098
0.61 0.783 -0.442344
0.611 0.783 -0.442824
0.612 0.783 -0.443639
0.613 0.783 -0.444224
0.614 0.783 -0.443237
0.615 0.783 -0.442852
0.616 0.783 -0.441527
0.617 0.783 -0.443943
0.618 0.783 -0.443036
0.619 0.783 -0.443434
0.62 0.783 -0.442923
0.621 0.783 -0.443356
0.622 0.783 -0.443071
0.623 0.783 -0.442607
0.624 0.783 -0.442613
0.625 0.783 -0.443329
0.626 0.783 -0.442907
0.627 0.783 -0.442011
0.628 0.783 -0.441594
0.629 0.783 -0.441511
0.63 0.783 -0.440756
0.631 0.783 -0.441841
0.632 0.783 -0.441385
0.633 0.783 -0.439866
0.634 0.783 -0.441911
0.635 0.783 -0.440794
0.636 0.783 -0.440099
0.637 0.783 -0.439931
0.638 0.783 -0.439601
0.639 0.783 -0.439322
0.64 0.783 -0.441187
0.641 0.783 -0.439572
0.642 0.783 -0.43923
0.643 0.783 -0.438149
0.644 0.783 -0.43709
0.645 0.783 -0.438176
0.646 0.783 -0.437614
0.647 0.783 -0.438202
0.648 0.783 -0.438391
0.649 0.783 -0.439135
0.6 0.784 -0.441726
0.601 0.784 -0.439997
0.602 0.784 -0.442634
0.603 0.784 -0.441368
0.604 0.784 -0.442548
0.605 0.784 -0.442528
0.606 0.784 -0.44374
0.607 0.784 -0.442348
0.608 0.784 -0.443417
0.609 0.784 -0.44259
0.61 0.784 -0.444044
0.611 0.784 -0.443752
0.612 0.784 -0.442536
0.613 0.784 -0.442945
0.614 0.784 -0.444001
0.615 0.784 -0.443009
0.616 0.784 -0.4438
0.617 0.784 -0.442424
0.618 0.784 -0.443044
0.619 0.784 -0.442739
0.62 0.784 -0.443688
0.621 0.784 -0.44429
0.622 0.784 -0.443227
0.623 0.784 -0.443126
0.624 0.784 -0.443793
0.625 0.784 -0.44103
0.626 0.784 -0.443165
0.627 0.784 -0.441768
0.628 0.784 -0.442271
0.629 0.784 -0.439938
0.63 0.784 -0.441829
0.631 0.784 -0.442882
0.632 0.784 -0.441111
0.633 0.784 -0.441244
0.634 0.784 -0.442262
0.635 0.784 -0.439265
0.636 0.784 -0.441396
0.637 0.784 -0.441239
0.638 0.784 -0.440837
0.639 0.784 -0.441504
0.64 0.784 -0.439019
0.641 0.784 -0.440527
0.642 0.784 -0.439247
0.643 0.784 -0.437572
0.644 0.784 -0.438459
0.645 0.784 -0.439137
0.646 0.784 -0.437385
0.647 0.784 -0.437851
0.648 0.784 -0.437124
0.649 0.784 -0.435785
0.6 0.785 -0.442213
0.601 0.785 -0.441614
0.602 0.785 -0.44264
0.603 0.785 -0.442285
0.604 0.785 -0.442592
0.605 0.785 -0.443287
0.606 0.785 -0.442756
0.607 0.785 -0.444525
0.608 0.785 -0.442585
0.609 0.785 -0.443107
0.61 0.785 -0.443341
0.611 0.785 -0.443225
0.612 0.785 -0.443365
0.613 0.785 -0.442911
0.614 0.785 -0.443432
0.615 0.785 -0.442234
0.616 0.785 -0.442945
0.617 0.785 -0.443622
0.618 0.785 -0.442476
0.619 0.785 -0.444595
0.62 0.785 -0.445071
0.621 0.785 -0.442262
0.622 0.785 -0.443089
0.623 0.785 -0.444165
0.624 0.785 -0.443462
0.625 0.785 -0.44429
0.626 0.785 -0.442338
0.627 0.785 -0.442283
0.628 0.785 -0.441907
0.629 0.785 -0.442041
0.63 0.785 -0.441265
0.631 0.785 -0.442166
0.632 0.785 -0.442257
0.633 0.785 -0.440799
0.634 0.785 -0.440843
0.635 0.785 -0.439901
0.636 0.785 -0.44119
0.637 0.785 -0.439846
0.638 0.785 -0.440112
0.639 0.785 -0.439669
0.64 0.785 -0.440676
0.641 0.785 -0.439711
0.642 0.785 -0.437819
0.643 0.785 -0.43885
0.644 0.785 -0.439645
0.645 0.785 -0.439222
0.646 0.785 -0.436117
0.647 0.785 -0.438041
0.648 0.785 -0.437711
0.649 0.785 -0.436742
0.6 0.786 -0.440992
0.601 0.786 -0.442677
0.602 0.786 -0.442841
0.603 0.786 -0.442246
0.604 0.786 -0.441812
0.605 0.786 -0.44355
0.606 0.786 -0.442967
0.607 0.786 -0.443579
0.608 0.786 -0.44286
0.609 0.786 -0.443662
0.61 0.786 -0.442881
0.611 0.786 -0.443078
0.612 0.786 -0.442983
0.613 0.786 -0.443141
0.614 0.786 -0.44335
0.615 0.786 -0.44332
0.616 0.786 -0.44372
0.617 0.786 -0.445378
0.618 0.786 -0.44297
0.619 0.786 -0.442407
0.62 0.786 -0.44268
0.621 0.786 -0.444114
0.622 0.786 -0.443073
0.623 0.786 -0.44205
0.624 0.786 -0.443715
0.625 0.786 -0.442
0.626 0.786 -0.443499
0.627 0.786 -0.442144
0.628 0.786 -0.441984
0.629 0.786 -0.444891
0.63 0.786 -0.441742
0.631 0.786 -0.444108
0.632 0.786 -0.440059
0.633 0.786 -0.441399
0.634 0.786 -0.442702
0.635 0.786 -0.440092
0.636 0.786 -0.439439
0.637 0.786 -0.4394
0.638 0.786 -0.441271
0.639 0.786 -0.439845
0.64 0.786 -0.439756
0.641 0.786 -0.44295
0.642 0.786 -0.438221
0.643 0.786 -0.440004
0.644 0.786 -0.439612
0.645 0.786 -0.438766
0.646 0.786 -0.437183
0.647 0.786 -0.436348
0.648 0.786 -0.437259
0.649 0.786 -0.437597
0.6 0.787 -0.44098
0.601 0.787 -0.442162
0.602 0.787 -0.440574
0.603 0.787 -0.443809
0.604 0.787 -0.443403
0.605 0.787 -0.442597
0.606 0.787 -0.443204
0.607 0.787 -0.443696
0.608 0.787 -0.443871
0.609 0.787 -0.442556
0.61 0.787 -0.443305
0.611 0.787 -0.445412
0.612 0.787 -0.443462
0.613 0.787 -0.444652
0.614 0.787 -0.443079
0.615 0.787 -0.443826
0.616 0.787 -0.444486
0.617 0.787 -0.444596
0.618 0.787 -0.44293
0.619 0.787 -0.443781
0.62 0.787 -0.44267
0.621 0.787 -0.443579
0.622 0.787 -0.442747
0.623 0.787 -0.444658
0.624 0.787 -0.444382
0.625 0.787 -0.44216
0.626 0.787 -0.443749
0.627 0.787 -0.443345
0.628 0.787 -0.443012
0.629 0.787 -0.441553
0.63 0.787 -0.444125
0.631 0.787 -0.442366
0.632 0.787 -0.443395
0.633 0.787 -0.442759
0.634 0.787 -0.441072
0.635 0.787 -0.441423
0.636 0.787 -0.439089
0.637 0.787 -0.439829
0.638 0.787 -0.441464
0.639 0.787 -0.440421
0.64 0.787 -0.440393
0.641 0.787 -0.440588
0.642 0.787 -0.438932
0.643 0.787 -0.439105
0.644 0.787 -0.43978
0.645 0.787 -0.438888
0.646 0.787 -0.438234
0.647 0.787 -0.438302
0.648 0.787 -0.435602
0.649 0.787 -0.437084
0.6 0.788 -0.440672
0.601 0.788 -0.442709
0.602 0.788 -0.443262
0.603 0.788 -0.442395
0.604 0.788 -0.442811
0.605 0.788 -0.442732
0.606 0.788 -0.442937
0.607 0.788 -0.442746
0.608 0.788 -0.442837
0.609 0.788 -0.444717
0.61 0.788 -0.442315
0.611 0.788 -0.443767
0.612 0.788 -0.443467
0.613 0.788 -0.444827
0.614 0.788 -0.442989
0.615 0.788 -0.443867
0.616 0.788 -0.444486
0.617 0.788 -0.443155
0.618 0.788 -0.44439
0.619 0.788 -0.444249
0.62 0.788 -0.443468
0.621 0.788 -0.446118
0.622 0.788 -0.441818
0.623 0.788 -0.443605
0.624 0.788 -0.444091
0.625 0.788 -0.442564
0.626 0.788 -0.442915
0.627 0.788 -0.44279
0.628 0.788 -0.444094
0.629 0.788 -0.443126
0.63 0.788 -0.443647
0.631 0.788 -0.442874
0.632 0.788 -0.442108
0.633 0.788 -0.441487
0.634 0.788 -0.441705
0.635 0.788 -0.441105
0.636 0.788 -0.441191
0.637 0.788 -0.441152
0.638 0.788 -0.441972
0.639 0.788 -0.439844
0.64 0.788 -0.439287
0.641 0.788 -0.440303
0.642 0.788 -0.439378
0.643 0.788 -0.441166
0.644 0.788 -0.438774
0.645 0.788 -0.438725
0.646 0.788 -0.437726
0.647 0.788 -0.438694
0.648 0.788 -0.435949
0.649 0.788 -0.437567
0.6 0.789 -0.441477
0.601 0.789 -0.44202
0.602 0.789 -0.442652
0.603 0.789 -0.442798
0.604 0.789 -0.44229
0.605 0.789 -0.442746
0.606 0.789 -0.443862
0.607 0.789 -0.444445
0.608 0.789 -0.44428
0.609 0.789 -0.444288
0.61 0.789 -0.442613
0.611 0.789 -0.442974
0.612 0.789 -0.444267
0.613 0.789 -0.44207
0.614 0.789 -0.442923
0.615 0.789 -0.443857
0.616 0.789 -0.442968
0.617 0.789 -0.444089
0.618 0.789 -0.443832
0.619 0.789 -0.443618
0.62 0.789 -0.443631
0.621 0.789 -0.442925
0.622 0.789 -0.443844
0.623 0.789 -0.443192
0.624 0.789 -0.444153
0.625 0.789 -0.443751
0.626 0.789 -0.444314
0.627 0.789 -0.442989
0.628 0.789 -0.442909
0.629 0.789 -0.444115
0.63 0.789 -0.443233
0.631 0.789 -0.441258
0.632 0.789 -0.442829
0.633 0.789 -0.441143
0.634 0.789 -0.442191
0.635 0.789 -0.440483
0.636 0.789 -0.441194
0.637 0.789 -0.440348
0.638 0.789 -0.439151
0.639 0.789 -0.441028
0.64 0.789 -0.440102
0.641 0.789 -0.440869
0.642 0.789 -0.439966
0.643 0.789 -0.440931
0.644 0.789 -0.438859
0.645 0.789 -0.439107
0.646 0.789 -0.437564
0.647 0.789 -0.438074
0.648 0.789 -0.436523
0.649 0.789 -0.438849
0.6 0.79 -0.443358
0.601 0.79 -0.442801
0.602 0.79 -0.442716
0.603 0.79 -0.443121
0.604 0.79 -0.443157
0.605 0.79 -0.443867
0.606 0.79 -0.443684
0.607 0.79 -0.443223
0.608 0.79 -0.444079
0.609 0.79 -0.443326
0.61 0.79 -0.443891
0.611 0.79 -0.444252
0.612 0.79 -0.443344
0.613 0.79 -0.443782
0.614 0.79 -0.444045
0.615 0.79 -0.443373
0.616 0.79 -0.445512
0.617 0.79 -0.443104
0.618 0.79 -0.442699
0.619 0.79 -0.444347
0.62 0.79 -0.444427
0.621 0.79 -0.443404
0.622 0.79 -0.442518
0.623 0.79 -0.444609
0.624 0.79 -0.445147
0.625 0.79 -0.444949
0.626 0.79 -0.442394
0.627 0.79 -0.443809
0.628 0.79 -0.442407
0.629 0.79 -0.443133
0.63 0.79 -0.443711
0.631 0.79 -0.443761
0.632 0.79 -0.442648
0.633 0.79 -0.442566
0.634 0.79 -0.441242
0.635 0.79 -0.442687
0.636 0.79 -0.440587
0.637 0.79 -0.440514
0.638 0.79 -0.439559
0.639 0.79 -0.439419
0.64 0.79 -0.439553
0.641 0.79 -0.439142
0.642 0.79 -0.438852
0.643 0.79 -0.439997
0.644 0.79 -0.439544
0.645 0.79 -0.437727
0.646 0.79 -0.437566
0.647 0.79 -0.438625
0.648 0.79 -0.438699
0.649 0.79 -0.436651
0.6 0.791 -0.442381
0.601 0.791 -0.44308
0.602 0.791 -0.441732
0.603 0.791 -0.443074
0.604 0.791 -0.443269
0.605 0.791 -0.442606
0.606 0.791 -0.442976
0.607 0.791 -0.442529
0.608 0.791 -0.442992
0.609 0.791 -0.442838
0.61 0.791 -0.443227
0.611 0.791 -0.444078
0.612 0.791 -0.445305
0.613 0.791 -0.44378
0.614 0.791 -0.443228
0.615 0.791 -0.444409
0.616 0.791 -0.44564
0.617 0.791 -0.444779
0.618 0.791 -0.445646
0.619 0.791 -0.445013
0.62 0.791 -0.443388
0.621 0.791 -0.44498
0.622 0.791 -0.445119
0.623 0.791 -0.444276
0.624 0.791 -0.442494
0.625 0.791 -0.442642
0.626 0.791 -0.442298
0.627 0.791 -0.442773
0.628 0.791 -0.442333
0.629 0.791 -0.444104
0.63 0.791 -0.443665
0.631 0.791 -0.44327
0.632 0.791 -0.443427
0.633 0.791 -0.442583
0.634 0.791 -0.44176
0.635 0.791 -0.441991
0.636 0.791 -0.441841
0.637 0.791 -0.441052
0.638 0.791 -0.439941
0.639 0.791 -0.441006
0.64 0.791 -0.440852
0.641 0.791 -0.439576
0.642 0.791 -0.439859
0.643 0.791 -0.440299
0.644 0.791 -0.438079
0.645 0.791 -0.436871
0.646 0.791 -0.438433
0.647 0.791 -0.437197
0.648 0.791 -0.437421
0.649 0.791 -0.437917
0.6 0.792 -0.442482
0.601 0.792 -0.443124
0.602 0.792 -0.442177
0.603 0.792 -0.443668
0.604 0.792 -0.442805
0.605 0.792 -0.442761
0.606 0.792 -0.443227
0.607 0.792 -0.442741
0.608 0.792 -0.443626
0.609 0.792 -0.44338
0.61 0.792 -0.445609
0.611 0.792 -0.443764
0.612 0.792 -0.44431
0.613 0.792 -0.442854
0.614 0.792 -0.443794
0.615 0.792 -0.44465
0.616 0.792 -0.442722
0.617 0.792 -0.445083
0.618 0.792 -0.444188
0.619 0.792 -0.44366
0.62 0.792 -0.443458
0.621 0.792 -0.443433
0.622 0.792 -0.44541
0.623 0.792 -0.443633
0.624 0.792 -0.444663
0.625 0.792 -0.444016
0.626 0.792 -0.443768
0.627 0.792 -0.443567
0.628 0.792 -0.443986
0.629 0.792 -0.443866
0.63 0.792 -0.443671
0.631 0.792 -0.444348
0.632 0.792 -0.441125
0.633 0.792 -0.442048
0.634 0.792 -0.442735
0.635 0.792 -0.440477
0.636 0.792 -0.442369
0.637 0.792 -0.440805
0.638 0.792 -0.440123
0.639 0.792 -0.439678
0.64 0.792 -0.438909
0.641 0.792 -0.439246
0.642 0.792 -0.439856
0.643 0.792 -0.437604
0.644 0.792 -0.439264
0.645 0.792 -0.439115
0.646 0.792 -0.438401
0.647 0.792 -0.436975
0.648 0.792 -0.436522
0.649 0.792 -0.436961
0.6 0.793 -0.441767
0.601 0.793 -0.443533
0.602 0.793 -0.443276
0.603 0.793 -0.44371
0.604 0.793 -0.442153
0.605 0.793 -0.443122
0.606 0.793 -0.442483
0.607 0.793 -0.44363
0.608 0.793 -0.44272
0.609 0.793 -0.443547
0.61 0.793 -0.443113
0.611 0.793 -0.443819
0.612 0.793 -0.444152
0.613 0.793 -0.444712
0.614 0.793 -0.44306
0.615 0.793 -0.443628
0.616 0.793 -0.444349
0.617 0.793 -0.444761
0.618 0.793 -0.444226
0.619 0.793 -0.444472
0.62 0.793 -0.444172
0.621 0.793 -0.444213
0.622 0.793 -0.441806
0.623 0.793 -0.442674
0.624 0.793 -0.443419
0.625 0.793 -0.443216
0.626 0.793 -0.442718
0.627 0.793 -0.443372
0.628 0.793 -0.442292
0.629 0.793 -0.44245
0.63 0.793 -0.442068
0.631 0.793 -0.442783
0.632 0.793 -0.441893
0.633 0.793 -0.443795
0.634 0.793 -0.442038
0.635 0.793 -0.44149
0.636 0.793 -0.443308
0.637 0.793 -0.441873
0.638 0.793 -0.441108
0.639 0.793 -0.440869
0.64 0.793 -0.440541
0.641 0.793 -0.440101
0.642 0.793 -0.441404
0.643 0.793 -0.439297
0.644 0.793 -0.438106
0.645 0.793 -0.437358
0.646 0.793 -0.43805
0.647 0.793 -0.439179
0.648 0.793 -0.433977
0.649 0.793 -0.436089
0.6 0.794 -0.443065
0.601 0.794 -0.442301
0.602 0.794 -0.441957
0.603 0.794 -0.443671
0.604 0.794 -0.442742
0.605 0.794 -0.44342
0.606 0.794 -0.443396
0.607 0.794 -0.442905
0.608 0.794 -0.444039
0.609 0.794 -0.442497
0.61 0.794 -0.444802
0.611 0.794 -0.44581
0.612 0.794 -0.445652
0.613 0.794 -0.444283
0.614 0.794 -0.443677
0.615 0.794 -0.445731
0.616 0.794 -0.444329
0.617 0.794 -0.444853
0.618 0.794 -0.44454
0.619 0.794 -0.442826
0.62 0.794 -0.444202
0.621 0.794 -0.444759
0.622 0.794 -0.445559
0.623 0.794 -0.443687
0.624 0.794 -0.443579
0.625 0.794 -0.44458
0.626 0.794 -0.442441
0.627 0.794 -0.442313
0.628 0.794 -0.442355
0.629 0.794 -0.445144
0.63 0.794 -0.443043
0.631 0.794 -0.442825
0.632 0.794 -0.44223
0.633 0.794 -0.441403
0.634 0.794 -0.442278
0.635 0.794 -0.441945
0.636 0.794 -0.442476
0.637 0.794 -0.441075
0.638 0.794 -0.44093
0.639 0.794 -0.439472
0.64 0.794 -0.440624
0.641 0.794 -0.440362
0.642 0.794 -0.442137
0.643 0.794 -0.438376
0.644 0.794 -0.441204
0.645 0.794 -0.440357
0.646 0.794 -0.440661
0.647 0.794 -0.437752
0.648 0.794 -0.437391
0.649 0.794 -0.436481
0.6 0.795 -0.441801
0.601 0.795 -0.441247
0.602 0.795 -0.442277
0.603 0.795 -0.443231
0.604 0.795 -0.442557
0.605 0.795 -0.443752
0.606 0.795 -0.443259
0.607 0.795 -0.4436
0.608 0.795 -0.443215
0.609 0.795 -0.444124
0.61 0.795 -0.443034
0.611 0.795 -0.44445
0.612 0.795 -0.443587
0.613 0.795 -0.443766
0.614 0.795 -0.443686
0.615 0.795 -0.445338
0.616 0.795 -0.445435
0.617 0.795 -0.446326
0.618 0.795 -0.444299
0.619 0.795 -0.445339
0.62 0.795 -0.444864
0.621 0.795 -0.443746
0.622 0.795 -0.443362
0.623 0.795 -0.443117
0.624 0.795 -0.442737
0.625 0.795 -0.444497
0.626 0.795 -0.442757
0.627 0.795 -0.442314
0.628 0.795 -0.443406
0.629 0.795 -0.443172
0.63 0.795 -0.442276
0.631 0.795 -0.442028
0.632 0.795 -0.441765
0.633 0.795 -0.443286
0.634 0.795 -0.443123
0.635 0.795 -0.443712
0.636 0.795 -0.440096
0.637 0.795 -0.44145
0.638 0.795 -0.439885
0.639 0.795 -0.440276
0.64 0.795 -0.440607
0.641 0.795 -0.439097
0.642 0.795 -0.44014
0.643 0.795 -0.44165
0.644 0.795 -0.439697
0.645 0.795 -0.438354
0.646 0.795 -0.439672
0.647 0.795 -0.439609
0.648 0.795 -0.438073
0.649 0.795 -0.437851
0.6 0.796 -0.442545
0.601 0.796 -0.441725
0.602 0.796 -0.442531
0.603 0.796 -0.443175
0.604 0.796 -0.443064
0.605 0.796 -0.444149
0.606 0.796 -0.442648
0.607 0.796 -0.444348
0.608 0.796 -0.44401
0.609 0.796 -0.442634
0.61 0.796 -0.443855
0.611 0.796 -0.444789
0.612 0.796 -0.445279
0.613 0.796 -0.445159
0.614 0.796 -0.444673
0.615 0.796 -0.444776
0.616 0.796 -0.444495
0.617 0.796 -0.443341
0.618 0.796 -0.444737
0.619 0.796 -0.445075
0.62 0.796 -0.444071
0.621 0.796 -0.444219
0.622 0.796 -0.4445
0.623 0.796 -0.444772
0.624 0.796 -0.442708
0.625 0.796 -0.443193
0.626 0.796 -0.443556
0.627 0.796 -0.443775
0.628 0.796 -0.442342
0.629 0.796 -0.44155
0.63 0.796 -0.442631
0.631 0.796 -0.442176
0.632 0.796 -0.442199
0.633 0.796 -0.442527
0.634 0.796 -0.442465
0.635 0.796 -0.440653
0.636 0.796 -0.442699
0.637 0.796 -0.442237
0.638 0.796 -0.44035
0.639 0.796 -0.441132
0.64 0.796 -0.43992
0.641 0.796 -0.441029
0.642 0.796 -0.439879
0.643 0.796 -0.438752
0.644 0.796 -0.439952
0.645 0.796 -0.4378
0.646 0.796 -0.437924
0.647 0.796 -0.438207
0.648 0.796 -0.439247
0.649 0.796 -0.437775
0.6 0.797 -0.442081
0.601 0.797 -0.441802
0.602 0.797 -0.441986
0.603 0.797 -0.442981
0.604 0.797 -0.444458
0.605 0.797 -0.44344
0.606 0.797 -0.443485
0.607 0.797 -0.444555
0.608 0.797 -0.444233
0.609 0.797 -0.443963
0.61 0.797 -0.4448
0.611 0.797 -0.442809
0.612 0.797 -0.444999
0.613 0.797 -0.445907
0.614 0.797 -0.444979
0.615 0.797 -0.443711
0.616 0.797 -0.444265
0.617 0.797 -0.444527
0.618 0.797 -0.444135
0.619 0.797 -0.443194
0.62 0.797 -0.444537
0.621 0.797 -0.444109
0.622 0.797 -0.442312
0.623 0.797 -0.443769
0.624 0.797 -0.442746
0.625 0.797 -0.444438
0.626 0.797 -0.44389
0.627 0.797 -0.444063
0.628 0.797 -0.443316
0.629 0.797 -0.443618
0.63 0.797 -0.441234
0.631 0.797 -0.441924
0.632 0.797 -0.443023
0.633 0.797 -0.442339
0.634 0.797 -0.442923
0.635 0.797 -0.441958
0.636 0.797 -0.441716
0.637 0.797 -0.439032
0.638 0.797 -0.442103
0.639 0.797 -0.44255
0.64 0.797 -0.441714
0.641 0.797 -0.440457
0.642 0.797 -0.439496
0.643 0.797 -0.438333
0.644 0.797 -0.438664
0.645 0.797 -0.439476
0.646 0.797 -0.438861
0.647 0.797 -0.436582
0.648 0.797 -0.438441
0.649 0.797 -0.439937
0.6 0.798 -0.441727
0.601 0.798 -0.443926
0.602 0.798 -0.443466
0.603 0.798 -0.443218
0.604 0.798 -0.442965
0.605 0.798 -0.44394
0.606 0.798 -0.443548
0.607 0.798 -0.444398
0.608 0.798 -0.445117
0.609 0.798 -0.443752
0.61 0.798 -0.443754
0.611 0.798 -0.444261
0.612 0.798 -0.443935
0.613 0.798 -0.443962
0.614 0.798 -0.444295
0.615 0.798 -0.444548
0.616 0.798 -0.443852
0.617 0.798 -0.445553
0.618 0.798 -0.444142
0.619 0.798 -0.444638
0.62 0.798 -0.444593
0.621 0.798 -0.44322
0.622 0.798 -0.444143
0.623 0.798 -0.4428
0.624 0.798 -0.445107
0.625 0.798 -0.444042
0.626 0.798 -0.442832
0.627 0.798 -0.443058
0.628 0.798 -0.443335
0.629 0.798 -0.444579
0.63 0.798 -0.443123
0.631 0.798 -0.442075
0.632 0.798 -0.44189
0.633 0.798 -0.442788
0.634 0.798 -0.441991
0.635 0.798 -0.442617
0.636 0.798 -0.442158
0.637 0.798 -0.441071
0.638 0.798 -0.440739
0.639 0.798 -0.440159
0.64 0.798 -0.440487
0.641 0.798 -0.438865
0.642 0.798 -0.438982
0.643 0.798 -0.440312
0.644 0.798 -0.438014
0.645 0.798 -0.438671
0.646 0.798 -0.437484
0.647 0.798 -0.437799
0.648 0.798 -0.438128
0.649 0.798 -0.436068
0.6 0.799 -0.442057
0.601 0.799 -0.441688
0.602 0.799 -0.442673
0.603 0.799 -0.442869
0.604 0.799 -0.443284
0.605 0.799 -0.443082
0.606 0.799 -0.444802
0.607 0.799 -0.443932
0.608 0.799 -0.44389
0.609 0.799 -0.444522
0.61 0.799 -0.443165
0.611 0.799 -0.444582
0.612 0.799 -0.444496
0.613 0.799 -0.442948
0.614 0.799 -0.442957
0.615 0.799 -0.444646
0.616 0.799 -0.443543
0.617 0.799 -0.44478
0.618 0.799 -0.4438
0.619 0.799 -0.444302
0.62 0.799 -0.444375
0.621 0.799 -0.443191
0.622 0.799 -0.443895
0.623 0.799 -0.44492
0.624 0.799 -0.444365
0.625 0.799 -0.442752
0.626 0.799 -0.445196
0.627 0.799 -0.442524
0.628 0.799 -0.444527
0.629 0.799 -0.443636
0.63 0.799 -0.443547
0.631 0.799 -0.442722
0.632 0.799 -0.441683
0.633 0.799 -0.442412
0.634 0.799 -0.442845
0.635 0.799 -0.443996
0.636 0.799 -0.443423
0.637 0.799 -0.441668
0.638 0.799 -0.441769
0.639 0.799 -0.439602
0.64 0.799 -0.441329
0.641 0.799 -0.439911
0.642 0.799 -0.440655
0.643 0.799 -0.437305
0.644 0.799 -0.439134
0.645 0.799 -0.438604
0.646 0.799 -0.436341
0.647 0.799 -0.43575
0.648 0.799 -0.438341
0.649 0.799 -0.436061
0.6 0.8 -0.442236
0.601 0.8 -0.442629
0.602 0.8 -0.442659
0.603 0.8 -0.444242
0.604 0.8 -0.444139
0.605 0.8 -0.444025
0.606 0.8 -0.44252
0.607 0.8 -0.443681
0.608 0.8 -0.444467
0.609 0.8 -0.443338
0.61 0.8 -0.443435
0.611 0.8 -0.444078
0.612 0.8 -0.443517
0.613 0.8 -0.444901
0.614 0.8 -0.444311
0.615 0.8 -0.444757
0.616 0.8 -0.444924
0.617 0.8 -0.443374
0.618 0.8 -0.443234
0.619 0.8 -0.443386
0.62 0.8 -0.443755
0.621 0.8 -0.445658
0.622 0.8 -0.443661
0.623 0.8 -0.444517
0.624 0.8 -0.443994
0.625 0.8 -0.44273
0.626 0.8 -0.443484
0.627 0.8 -0.443615
0.628 0.8 -0.442679
0.629 0.8 -0.442043
0.63 0.8 -0.442275
0.631 0.8 -0.443402
0.632 0.8 -0.442982
0.633 0.8 -0.444091
0.634 0.8 -0.440764
0.635 0.8 -0.44296
0.636 0.8 -0.441942
0.637 0.8 -0.442598
0.638 0.8 -0.441192
0.639 0.8 -0.439255
0.64 0.8 -0.438331
0.641 0.8 -0.43872
0.642 0.8 -0.44161
0.643 0.8 -0.440194
0.644 0.8 -0.437559
0.645 0.8 -0.439939
0.646 0.8 -0.438698
0.647 0.8 -0.437727
0.648 0.8 -0.436559
0.649 0.8 -0.437088
0.6 0.801 -0.441298
0.601 0.801 -0.442487
0.602 0.801 -0.442629
0.603 0.801 -0.44272
0.604 0.801 -0.44437
0.605 0.801 -0.443798
0.606 0.801 -0.443479
0.607 0.801 -0.443627
0.608 0.801 -0.443549
0.609 0.801 -0.44571
0.61 0.801 -0.444686
0.611 0.801 -0.443855
0.612 0.801 -0.443736
0.613 0.801 -0.444086
0.614 0.801 -0.444587
0.615 0.801 -0.443572
0.616 0.801 -0.445199
0.617 0.801 -0.44488
0.618 0.801 -0.445885
0.619 0.801 -0.4441
0.62 0.801 -0.444939
0.621 0.801 -0.443876
0.622 0.801 -0.445017
0.623 0.801 -0.444928
0.624 0.801 -0.442246
0.625 0.801 -0.443405
0.626 0.801 -0.443611
0.627 0.801 -0.442759
0.628 0.801 -0.443037
0.629 0.801 -0.442179
0.63 0.801 -0.443032
0.631 0.801 -0.443598
0.632 0.801 -0.442402
0.633 0.801 -0.443071
0.634 0.801 -0.443502
0.635 0.801 -0.44103
0.636 0.801 -0.440474
0.637 0.801 -0.438121
0.638 0.801 -0.44102
0.639 0.801 -0.439705
0.64 0.801 -0.439058
0.641 0.801 -0.440783
0.642 0.801 -0.439864
0.643 0.801 -0.439474
0.644 0.801 -0.43837
0.645 0.801 -0.438328
0.646 0.801 -0.437336
0.647 0.801 -0.436276
0.648 0.801 -0.437123
0.649 0.801 -0.436955
0.6 0.802 -0.442526
0.601 0.802 -0.442712
0.602 0.802 -0.442618
0.603 0.802 -0.443168
0.604 0.802 -0.443207
0.605 0.802 -0.443299
0.606 0.802 -0.443514
0.607 0.802 -0.444683
0.608 0.802 -0.444287
0.609 0.802 -0.441181
0.61 0.802 -0.442809
0.611 0.802 -0.444887
0.612 0.802 -0.443234
0.613 0.802 -0.44347
0.614 0.802 -0.443214
0.615 0.802 -0.443949
0.616 0.802 -0.445018
0.617 0.802 -0.44581
0.618 0.802 -0.444788
0.619 0.802 -0.445528
0.62 0.802 -0.443266
0.621 0.802 -0.444192
0.622 0.802 -0.445394
0.623 0.802 -0.44298
0.624 0.802 -0.443563
0.625 0.802 -0.443087
0.626 0.802 -0.445295
0.627 0.802 -0.44384
0.628 0.802 -0.443028
0.629 0.802 -0.440649
0.63 0.802 -0.442629
0.631 0.802 -0.443662
0.632 0.802 -0.444557
0.633 0.802 -0.441726
0.634 0.802 -0.441412
0.635 0.802 -0.440905
0.636 0.802 -0.441339
0.637 0.802 -0.438389
0.638 0.802 -0.441171
0.639 0.802 -0.441229
0.64 0.802 -0.441199
0.641 0.802 -0.44031
0.642 0.802 -0.440149
0.643 0.802 -0.438099
0.644 0.802 -0.440238
0.645 0.802 -0.438586
0.646 0.802 -0.43787
0.647 0.802 -0.437259
0.648 0.802 -0.439069
0.649 0.802 -0.437461
0.6 0.803 -0.442298
0.601 0.803 -0.442842
0.602 0.803 -0.443198
0.603 0.803 -0.442877
0.604 0.803 -0.443348
0.605 0.803 -0.442877
0.606 0.803 -0.444529
0.607 0.803 -0.442507
0.608 0.803 -0.443272
0.609 0.803 -0.442841
0.61 0.803 -0.4442
0.611 0.803 -0.445193
0.612 0.803 -0.444728
0.613 0.803 -0.443568
0.614 0.803 -0.442519
0.615 0.803 -0.444455
0.616 0.803 -0.443987
0.617 0.803 -0.445152
0.618 0.803 -0.444231
0.619 0.803 -0.444948
0.62 0.803 -0.443785
0.621 0.803 -0.44323
0.622 0.803 -0.442498
0.623 0.803 -0.444403
0.624 0.803 -0.444649
0.625 0.803 -0.443893
0.626 0.803 -0.4438
0.627 0.803 -0.443654
0.628 0.803 -0.443618
0.629 0.803 -0.444054
0.63 0.803 -0.442184
0.631 0.803 -0.442921
0.632 0.803 -0.441622
0.633 0.803 -0.443582
0.634 0.803 -0.443798
0.635 0.803 -0.441469
0.636 0.803 -0.441182
0.637 0.803 -0.440903
0.638 0.803 -0.442341
0.639 0.803 -0.441885
0.64 0.803 -0.437725
0.641 0.803 -0.43784
0.642 0.803 -0.439798
0.643 0.803 -0.438332
0.644 0.803 -0.437604
0.645 0.803 -0.438675
0.646 0.803 -0.438109
0.647 0.803 -0.439597
0.648 0.803 -0.437191
0.649 0.803 -0.434506
0.6 0.804 -0.443235
0.601 0.804 -0.441517
0.602 0.804 -0.443631
0.603 0.804 -0.443146
0.604 0.804 -0.444621
0.605 0.804 -0.442784
0.606 0.804 -0.443631
0.607 0.804 -0.443546
0.608 0.804 -0.443643
0.609 0.804 -0.444578
0.61 0.804 -0.443651
0.611 0.804 -0.443339
0.612 0.804 -0.443835
0.613 0.804 -0.445092
0.614 0.804 -0.442339
0.615 0.804 -0.44441
0.616 0.804 -0.443965
0.617 0.804 -0.444835
0.618 0.804 -0.443811
0.619 0.804 -0.444603
0.62 0.804 -0.443143
0.621 0.804 -0.443345
0.622 0.804 -0.444224
0.623 0.804 -0.442802
0.624 0.804 -0.443935
0.625 0.804 -0.444951
0.626 0.804 -0.442294
0.627 0.804 -0.443585
0.628 0.804 -0.444087
0.629 0.804 -0.443173
0.63 0.804 -0.442743
0.631 0.804 -0.443092
0.632 0.804 -0.441379
0.633 0.804 -0.441983
0.634 0.804 -0.440228
0.635 0.804 -0.440358
0.636 0.804 -0.442879
0.637 0.804 -0.441254
0.638 0.804 -0.439643
0.639 0.804 -0.441264
0.64 0.804 -0.439657
0.641 0.804 -0.438118
0.642 0.804 -0.438909
0.643 0.804 -0.438173
0.644 0.804 -0.439634
0.645 0.804 -0.438521
0.646 0.804 -0.440175
0.647 0.804 -0.439233
0.648 0.804 -0.438288
0.649 0.804 -0.437321
0.6 0.805 -0.441272
0.601 0.805 -0.442045
0.602 0.805 -0.443016
0.603 0.805 -0.444228
0.604 0.805 -0.442992
0.605 0.805 -0.443761
0.606 0.805 -0.442715
0.607 0.805 -0.444715
0.608 0.805 -0.444068
0.609 0.805 -0.444734
0.61 0.805 -0.44243
0.611 0.805 -0.443412
0.612 0.805 -0.445151
0.613 0.805 -0.444614
0.614 0.805 -0.444096
0.615 0.805 -0.444906
0.616 0.805 -0.444238
0.617 0.805 -0.444965
0.618 0.805 -0.443999
0.619 0.805 -0.446183
0.62 0.805 -0.443323
0.621 0.805 -0.443831
0.622 0.805 -0.444537
0.623 0.805 -0.443701
0.624 0.805 -0.444109
0.625 0.805 -0.443061
0.626 0.805 -0.442818
0.627 0.805 -0.442845
0.628 0.805 -0.444273
0.629 0.805 -0.445767
0.63 0.805 -0.440984
0.631 0.805 -0.44099
0.632 0.805 -0.441899
0.633 0.805 -0.441628
0.634 0.805 -0.4416
0.635 0.805 -0.441264
0.636 0.805 -0.440534
0.637 0.805 -0.442017
0.638 0.805 -0.439512
0.639 0.805 -0.439982
0.64 0.805 -0.439879
0.641 0.805 -0.440657
0.642 0.805 -0.43948
0.643 0.805 -0.438535
0.644 0.805 -0.437579
0.645 0.805 -0.439521
0.646 0.805 -0.435842
0.647 0.805 -0.438172
0.648 0.805 -0.438072
0.649 0.805 -0.437621
0.6 0.806 -0.441911
0.601 0.806 -0.442451
0.602 0.806 -0.442348
0.603 0.806 -0.442899
0.604 0.806 -0.442858
0.605 0.806 -0.443968
0.606 0.806 -0.443229
0.607 0.806 -0.441876
0.608 0.806 -0.443576
0.609 0.806 -0.445142
0.61 0.806 -0.443338
0.611 0.806 -0.444382
0.612 0.806 -0.443801
0.613 0.806 -0.445308
0.614 0.806 -0.44442
0.615 0.806 -0.44562
0.616 0.806 -0.443889
0.617 0.806 -0.4447
0.618 0.806 -0.445043
0.619 0.806 -0.443954
0.62 0.806 -0.443397
0.621 0.806 -0.4437
0.622 0.806 -0.443685
0.623 0.806 -0.443915
0.624 0.806 -0.444796
0.625 0.806 -0.442877
0.626 0.806 -0.443585
0.627 0.806 -0.443511
0.628 0.806 -0.442635
0.629 0.806 -0.443895
0.63 0.806 -0.442074
0.631 0.806 -0.443365
0.632 0.806 -0.443357
0.633 0.806 -0.441688
0.634 0.806 -0.442426
0.635 0.806 -0.439574
0.636 0.806 -0.441466
0.637 0.806 -0.442398
0.638 0.806 -0.441382
0.639 0.806 -0.440372
0.64 0.806 -0.436731
0.641 0.806 -0.440519
0.642 0.806 -0.438323
0.643 0.806 -0.438962
0.644 0.806 -0.437213
0.645 0.806 -0.438064
0.646 0.806 -0.438082
0.647 0.806 -0.438499
0.648 0.806 -0.437657
0.649 0.806 -0.438094
0.6 0.807 -0.442309
0.601 0.807 -0.442711
0.602 0.807 -0.442958
0.603 0.807 -0.442589
0.604 0.807 -0.443495
0.605 0.807 -0.443856
0.606 0.807 -0.444095
0.607 0.807 -0.442487
0.608 0.807 -0.443585
0.609 0.807 -0.443055
0.61 0.807 -0.445041
0.611 0.807 -0.443507
0.612 0.807 -0.443836
0.613 0.807 -0.444118
0.614 0.807 -0.444469
0.615 0.807 -0.443783
0.616 0.807 -0.443256
0.617 0.807 -0.444638
0.618 0.807 -0.442953
0.619 0.807 -0.444994
0.62 0.807 -0.443927
0.621 0.807 -0.444334
0.622 0.807 -0.44485
0.623 0.807 -0.443275
0.624 0.807 -0.444517
0.625 0.807 -0.444115
0.626 0.807 -0.443264
0.627 0.807 -0.442684
0.628 0.807 -0.441915
0.629 0.807 -0.442302
0.63 0.807 -0.443124
0.631 0.807 -0.441711
0.632 0.807 -0.442457
0.633 0.807 -0.441821
0.634 0.807 -0.443558
0.635 0.807 -0.440276
0.636 0.807 -0.440737
0.637 0.807 -0.440657
0.638 0.807 -0.439384
0.639 0.807 -0.439823
0.64 0.807 -0.441537
0.641 0.807 -0.439867
0.642 0.807 -0.440113
0.643 0.807 -0.436933
0.644 0.807 -0.437883
0.645 0.807 -0.439051
0.646 0.807 -0.436377
0.647 0.807 -0.437979
0.648 0.807 -0.436675
0.649 0.807 -0.436126
0.6 0.808 -0.440997
0.601 0.808 -0.442678
0.602 0.808 -0.442832
0.603 0.808 -0.443291
0.604 0.808 -0.442396
0.605 0.808 -0.443828
0.606 0.808 -0.443072
0.607 0.808 -0.443796
0.608 0.808 -0.444323
0.609 0.808 -0.441888
0.61 0.808 -0.443888
0.611 0.808 -0.444359
0.612 0.808 -0.443897
0.613 0.808 -0.445333
0.614 0.808 -0.44499
0.615 0.808 -0.443668
0.616 0.808 -0.443708
0.617 0.808 -0.445828
0.618 0.808 -0.445039
0.619 0.808 -0.444715
0.62 0.808 -0.444479
0.621 0.808 -0.444778
0.622 0.808 -0.445545
0.623 0.808 -0.444134
0.624 0.808 -0.444708
0.625 0.808 -0.443865
0.626 0.808 -0.443623
0.627 0.808 -0.445243
0.628 0.808 -0.444057
0.629 0.808 -0.44283
0.63 0.808 -0.44396
0.631 0.808 -0.442434
0.632 0.808 -0.441597
0.633 0.808 -0.44227
0.634 0.808 -0.442627
0.635 0.808 -0.441009
0.636 0.808 -0.441434
0.637 0.808 -0.441111
0.638 0.808 -0.440839
0.639 0.808 -0.440024
0.64 0.808 -0.438785
0.641 0.808 -0.438931
0.642 0.808 -0.43922
0.643 0.808 -0.439439
0.644 0.808 -0.438109
0.645 0.808 -0.438342
0.646 0.808 -0.437937
0.647 0.808 -0.438061
0.648 0.808 -0.434728
0.649 0.808 -0.437238
0.6 0.809 -0.442753
0.601 0.809 -0.443388
0.602 0.809 -0.442072
0.603 0.809 -0.442772
0.604 0.809 -0.443082
0.605 0.809 -0.443262
0.606 0.809 -0.442801
0.607 0.809 -0.444327
0.608 0.809 -0.444716
0.609 0.809 -0.445163
0.61 0.809 -0.44382
0.611 0.809 -0.443277
0.612 0.809 -0.445046
0.613 0.809 -0.443111
0.614 0.809 -0.44415
0.615 0.809 -0.44386
0.616 0.809 -0.444389
0.617 0.809 -0.443668
0.618 0.809 -0.44413
0.619 0.809 -0.443271
0.62 0.809 -0.443222
0.621 0.809 -0.443433
0.622 0.809 -0.443324
0.623 0.809 -0.444028
0.624 0.809 -0.444135
0.625 0.809 -0.443233
0.626 0.809 -0.442906
0.627 0.809 -0.442202
0.628 0.809 -0.444071
0.629 0.809 -0.442534
0.63 0.809 -0.44366
0.631 0.809 -0.441373
0.632 0.809 -0.44123
0.633 0.809 -0.441867
0.634 0.809 -0.442973
0.635 0.809 -0.440637
0.636 0.809 -0.442181
0.637 0.809 -0.439669
0.638 0.809 -0.439694
0.639 0.809 -0.440049
0.64 0.809 -0.43787
0.641 0.809 -0.440305
0.642 0.809 -0.438303
0.643 0.809 -0.438212
0.644 0.809 -0.438145
0.645 0.809 -0.4384
0.646 0.809 -0.436097
0.647 0.809 -0.43712
0.648 0.809 -0.436273
0.649 0.809 -0.435799
0.6 0.81 -0.443279
0.601 0.81 -0.44179
0.602 0.81 -0.442539
0.603 0.81 -0.442518
0.604 0.81 -0.441809
0.605 0.81 -0.44189
0.606 0.81 -0.442827
0.607 0.81 -0.442658
0.608 0.81 -0.443148
0.609 0.81 -0.4435
0.61 0.81 -0.44432
0.611 0.81 -0.443349
0.612 0.81 -0.443511
0.613 0.81 -0.443239
0.614 0.81 -0.443411
0.615 0.81 -0.442642
0.616 0.81 -0.444133
0.617 0.81 -0.444385
0.618 0.81 -0.443402
0.619 0.81 -0.443535
0.62 0.81 -0.444756
0.621 0.81 -0.442393
0.622 0.81 -0.444053
0.623 0.81 -0.443294
0.624 0.81 -0.443564
0.625 0.81 -0.444105
0.626 0.81 -0.443759
0.627 0.81 -0.443459
0.628 0.81 -0.444493
0.629 0.81 -0.442072
0.63 0.81 -0.441624
0.631 0.81 -0.443057
0.632 0.81 -0.440781
0.633 0.81 -0.442892
0.634 0.81 -0.440227
0.635 0.81 -0.442037
0.636 0.81 -0.440695
0.637 0.81 -0.43991
0.638 0.81 -0.440166
0.639 0.81 -0.435921
0.64 0.81 -0.438171
0.641 0.81 -0.4377
0.642 0.81 -0.440373
0.643 0.81 -0.436176
0.644 0.81 -0.438059
0.645 0.81 -0.437471
0.646 0.81 -0.436572
0.647 0.81 -0.436811
0.648 0.81 -0.435253
0.649 0.81 -0.437002
0.6 0.811 -0.442798
0.601 0.811 -0.442922
0.602 0.811 -0.443335
0.603 0.811 -0.442851
0.604 0.811 -0.443912
0.605 0.811 -0.443655
0.606 0.811 -0.442202
0.607 0.811 -0.444649
0.608 0.811 -0.442775
0.609 0.811 -0.445141
0.61 0.811 -0.443282
0.611 0.811 -0.443861
0.612 0.811 -0.444847
0.613 0.811 -0.444301
0.614 0.811 -0.443836
0.615 0.811 -0.443691
0.616 0.811 -0.443474
0.617 0.811 -0.442691
0.618 0.811 -0.442696
0.619 0.811 -0.442954
0.62 0.811 -0.444988
0.621 0.811 -0.442315
0.622 0.811 -0.444803
0.623 0.811 -0.443169
0.624 0.811 -0.442834
0.625 0.811 -0.442256
0.626 0.811 -0.444248
0.627 0.811 -0.442665
0.628 0.811 -0.443692
0.629 0.811 -0.443391
0.63 0.811 -0.442321
0.631 0.811 -0.442298
0.632 0.811 -0.440768
0.633 0.811 -0.440834
0.634 0.811 -0.441208
0.635 0.811 -0.441009
0.636 0.811 -0.438248
0.637 0.811 -0.439963
0.638 0.811 -0.441282
0.639 0.811 -0.442483
0.64 0.811 -0.43913
0.641 0.811 -0.439453
0.642 0.811 -0.438622
0.643 0.811 -0.437852
0.644 0.811 -0.437874
0.645 0.811 -0.437283
0.646 0.811 -0.437379
0.647 0.811 -0.436853
0.648 0.811 -0.435333
0.649 0.811 -0.437001
0.6 0.812 -0.442197
0.601 0.812 -0.440049
0.602 0.812 -0.443403
0.603 0.812 -0.440811
0.604 0.812 -0.444428
0.605 0.812 -0.443765
0.606 0.812 -0.443913
0.607 0.812 -0.444579
0.608 0.812 -0.444178
0.609 0.812 -0.444563
0.61 0.812 -0.44433
0.611 0.812 -0.443606
0.612 0.812 -0.442539
0.613 0.812 -0.443047
0.614 0.812 -0.444458
0.615 0.812 -0.443489
0.616 0.812 -0.444548
0.617 0.812 -0.444732
0.618 0.812 -0.443531
0.619 0.812 -0.443232
0.62 0.812 -0.443983
0.621 0.812 -0.444832
0.622 0.812 -0.444362
0.623 0.812 -0.44432
0.624 0.812 -0.443081
0.625 0.812 -0.441521
0.626 0.812 -0.444241
0.627 0.812 -0.442701
0.628 0.812 -0.44442
0.629 0.812 -0.441416
0.63 0.812 -0.442516
0.631 0.812 -0.442707
0.632 0.812 -0.442793
0.633 0.812 -0.44047
0.634 0.812 -0.439957
0.635 0.812 -0.441016
0.636 0.812 -0.440937
0.637 0.812 -0.440815
0.638 0.812 -0.438672
0.639 0.812 -0.438717
0.64 0.812 -0.439452
0.641 0.812 -0.439604
0.642 0.812 -0.437861
0.643 0.812 -0.438508
0.644 0.812 -0.438038
0.645 0.812 -0.433331
0.646 0.812 -0.437368
0.647 0.812 -0.434807
0.648 0.812 -0.436297
0.649 0.812 -0.43669
0.6 0.813 -0.440935
0.601 0.813 -0.44068
0.602 0.813 -0.441389
0.603 0.813 -0.442144
0.604 0.813 -0.442526
0.605 0.813 -0.443869
0.606 0.813 -0.443811
0.607 0.813 -0.443498
0.608 0.813 -0.443012
0.609 0.813 -0.441467
0.61 0.813 -0.44364
0.611 0.813 -0.442583
0.612 0.813 -0.442658
0.613 0.813 -0.442728
0.614 0.813 -0.44364
0.615 0.813 -0.44283
0.616 0.813 -0.444926
0.617 0.813 -0.443105
0.618 0.813 -0.444109
0.619 0.813 -0.4416
0.62 0.813 -0.442578
0.621 0.813 -0.443485
0.622 0.813 -0.44381
0.623 0.813 -0.442635
0.624 0.813 -0.442782
0.625 0.813 -0.444486
0.626 0.813 -0.442952
0.627 0.813 -0.4433
0.628 0.813 -0.443536
0.629 0.813 -0.442323
0.63 0.813 -0.441395
0.631 0.813 -0.441441
0.632 0.813 -0.440482
0.633 0.813 -0.441544
0.634 0.813 -0.440774
0.635 0.813 -0.441533
0.636 0.813 -0.439882
0.637 0.813 -0.439536
0.638 0.813 -0.439683
0.639 0.813 -0.43952
0.64 0.813 -0.439601
0.641 0.813 -0.440326
0.642 0.813 -0.440833
0.643 0.813 -0.438048
0.644 0.813 -0.437915
0.645 0.813 -0.437815
0.646 0.813 -0.437719
0.647 0.813 -0.437398
0.648 0.813 -0.43717
0.649 0.813 -0.434405
0.6 0.814 -0.441174
0.601 0.814 -0.442341
0.602 0.814 -0.44165
0.603 0.814 -0.441309
0.604 0.814 -0.442804
0.605 0.814 -0.443093
0.606 0.814 -0.441617
0.607 0.814 -0.443787
0.608 0.814 -0.444472
0.609 0.814 -0.443199
0.61 0.814 -0.442175
0.611 0.814 -0.444796
0.612 0.814 -0.444282
0.613 0.814 -0.441822
0.614 0.814 -0.443582
0.615 0.814 -0.442204
0.616 0.814 -0.443923
0.617 0.814 -0.443823
0.618 0.814 -0.442609
0.619 0.814 -0.443154
0.62 0.814 -0.443885
0.621 0.814 -0.444145
0.622 0.814 -0.443204
0.623 0.814 -0.442493
0.624 0.814 -0.443782
0.625 0.814 -0.442645
0.626 0.814 -0.442924
0.627 0.814 -0.441375
0.628 0.814 -0.442628
0.629 0.814 -0.441919
0.63 0.814 -0.442415
0.631 0.814 -0.440228
0.632 0.814 -0.441159
0.633 0.814 -0.441475
0.634 0.814 -0.439919
0.635 0.814 -0.437972
0.636 0.814 -0.438412
0.637 0.814 -0.440785
0.638 0.814 -0.439712
0.639 0.814 -0.441983
0.64 0.814 -0.438127
0.641 0.814 -0.437068
0.642 0.814 -0.439349
0.643 0.814 -0.437309
0.644 0.814 -0.439197
0.645 0.814 -0.437298
0.646 0.814 -0.436679
0.647 0.814 -0.436549
0.648 0.814 -0.435139
0.649 0.814 -0.433459
0.6 0.815 -0.440604
0.601 0.815 -0.441393
0.602 0.815 -0.441989
0.603 0.815 -0.442062
0.604 0.815 -0.44161
0.605 0.815 -0.442966
0.606 0.815 -0.442529
0.607 0.815 -0.442696
0.608 0.815 -0.442865
0.609 0.815 -0.442644
0.61 0.815 -0.442876
0.611 0.815 -0.443838
0.612 0.815 -0.444735
0.613 0.815 -0.44415
0.614 0.815 -0.44469
0.615 0.815 -0.443861
0.616 0.815 -0.444706
0.617 0.815 -0.444336
0.618 0.815 -0.442824
0.619 0.815 -0.441783
0.62 0.815 -0.443427
0.621 0.815 -0.442944
0.622 0.815 -0.443264
0.623 0.815 -0.44225
0.624 0.815 -0.443624
0.625 0.815 -0.443224
0.626 0.815 -0.442872
0.627 0.815 -0.441193
0.628 0.815 -0.442915
0.629 0.815 -0.443159
0.63 0.815 -0.443098
0.631 0.815 -0.44248
0.632 0.815 -0.440145
0.633 0.815 -0.440946
0.634 0.815 -0.440639
0.635 0.815 -0.441215
0.636 0.815 -0.440834
0.637 0.815 -0.437923
0.638 0.815 -0.438119
0.639 0.815 -0.439034
0.64 0.815 -0.439985
0.641 0.815 -0.439707
0.642 0.815 -0.438579
0.643 0.815 -0.43885
0.644 0.815 -0.438136
0.645 0.815 -0.435902
0.646 0.815 -0.435378
0.647 0.815 -0.436166
0.648 0.815 -0.434149
0.649 0.815 -0.434386
0.6 0.816 -0.441354
0.601 0.816 -0.443244
0.602 0.816 -0.441324
0.603 0.816 -0.443529
0.604 0.816 -0.441591
0.605 0.816 -0.442474
0.606 0.816 -0.442756
0.607 0.816 -0.444458
0.608 0.816 -0.441721
0.609 0.816 -0.442908
0.61 0.816 -0.443021
0.611 0.816 -0.44399
0.612 0.816 -0.443194
0.613 0.816 -0.444173
0.614 0.816 -0.441959
0.615 0.816 -0.443559
0.616 0.816 -0.443881
0.617 0.816 -0.44286
0.618 0.816 -0.443456
0.619 0.816 -0.442322
0.62 0.816 -0.443136
0.621 0.816 -0.442201
0.622 0.816 -0.442656
0.623 0.816 -0.443245
0.624 0.816 -0.442264
0.625 0.816 -0.444099
0.626 0.816 -0.442298
0.627 0.816 -0.442109
0.628 0.816 -0.443188
0.629 0.816 -0.442002
0.63 0.816 -0.439565
0.631 0.816 -0.442159
0.632 0.816 -0.442187
0.633 0.816 -0.442104
0.634 0.816 -0.440315
0.635 0.816 -0.439399
0.636 0.816 -0.44067
0.637 0.816 -0.440398
0.638 0.816 -0.43921
0.639 0.816 -0.43874
0.64 0.816 -0.439514
0.641 0.816 -0.440316
0.642 0.816 -0.439425
0.643 0.816 -0.43613
0.644 0.816 -0.439371
0.645 0.816 -0.435819
0.646 0.816 -0.436008
0.647 0.816 -0.434581
0.648 0.816 -0.437217
0.649 0.816 -0.435364
0.6 0.817 -0.441619
0.601 0.817 -0.442353
0.602 0.817 -0.442365
0.603 0.817 -0.442234
0.604 0.817 -0.442135
0.605 0.817 -0.442472
0.606 0.817 -0.441534
0.607 0.817 -0.440966
0.608 0.817 -0.440996
0.609 0.817 -0.440999
0.61 0.817 -0.44412
0.611 0.817 -0.442577
0.612 0.817 -0.443255
0.613 0.817 -0.442374
0.614 0.817 -0.441314
0.615 0.817 -0.442655
0.616 0.817 -0.442756
0.617 0.817 -0.44296
0.618 0.817 -0.443616
0.619 0.817 -0.442073
0.62 0.817 -0.442576
0.621 0.817 -0.442101
0.622 0.817 -0.442304
0.623 0.817 -0.440564
0.624 0.817 -0.442643
0.625 0.817 -0.44236
0.626 0.817 -0.443663
0.627 0.817 -0.440506
0.628 0.817 -0.441435
0.629 0.817 -0.440428
0.63 0.817 -0.442684
0.631 0.817 -0.442793
0.632 0.817 -0.44103
0.633 0.817 -0.441448
0.634 0.817 -0.441514
0.635 0.817 -0.440012
0.636 0.817 -0.440336
0.637 0.817 -0.438642
0.638 0.817 -0.440841
0.639 0.817 -0.439596
0.64 0.817 -0.438097
0.641 0.817 -0.437095
0.642 0.817 -0.43464
0.643 0.817 -0.438892
0.644 0.817 -0.437006
0.645 0.817 -0.437325
0.646 0.817 -0.435854
0.647 0.817 -0.436309
0.648 0.817 -0.435399
0.649 0.817 -0.437593
0.6 0.818 -0.440764
0.601 0.818 -0.442434
0.602 0.818 -0.440479
0.603 0.818 -0.440898
0.604 0.818 -0.442507
0.605 0.818 -0.443354
0.606 0.818 -0.442526
0.607 0.818 -0.441502
0.608 0.818 -0.441603
0.609 0.818 -0.444619
0.61 0.818 -0.443984
0.611 0.818 -0.442713
0.612 0.818 -0.44362
0.613 0.818 -0.444073
0.614 0.818 -0.442782
0.615 0.818 -0.442646
0.616 0.818 -0.442777
0.617 0.818 -0.443799
0.618 0.818 -0.443169
0.619 0.818 -0.443196
0.62 0.818 -0.441984
0.621 0.818 -0.442847
0.622 0.818 -0.442657
0.623 0.818 -0.443566
0.624 0.818 -0.442741
0.625 0.818 -0.442986
0.626 0.818 -0.442644
0.627 0.818 -0.442027
0.628 0.818 -0.442258
0.629 0.818 -0.441024
0.63 0.818 -0.443196
0.631 0.818 -0.440664
0.632 0.818 -0.442782
0.633 0.818 -0.4391
0.634 0.818 -0.44064
0.635 0.818 -0.4402
0.636 0.818 -0.441125
0.637 0.818 -0.440922
0.638 0.818 -0.438501
0.639 0.818 -0.438261
0.64 0.818 -0.439095
0.641 0.818 -0.438829
0.642 0.818 -0.437197
0.643 0.818 -0.437762
0.644 0.818 -0.435644
0.645 0.818 -0.437703
0.646 0.818 -0.437652
0.647 0.818 -0.435039
0.648 0.818 -0.437446
0.649 0.818 -0.434271
0.6 0.819 -0.440172
0.601 0.819 -0.442052
0.602 0.819 -0.441382
0.603 0.819 -0.441666
0.604 0.819 -0.443297
0.605 0.819 -0.442836
0.606 0.819 -0.443547
0.607 0.819 -0.443314
0.608 0.819 -0.443368
0.609 0.819 -0.442336
0.61 0.819 -0.442056
0.611 0.819 -0.443136
0.612 0.819 -0.442422
0.613 0.819 -0.443219
0.614 0.819 -0.441862
0.615 0.819 -0.442158
0.616 0.819 -0.443387
0.617 0.819 -0.441921
0.618 0.819 -0.444528
0.619 0.819 -0.444358
0.62 0.819 -0.442624
0.621 0.819 -0.443381
0.622 0.819 -0.441844
0.623 0.819 -0.442346
0.624 0.819 -0.443005
0.625 0.819 -0.442979
0.626 0.819 -0.44074
0.627 0.819 -0.441696
0.628 0.819 -0.442622
0.629 0.819 -0.441763
0.63 0.819 -0.441856
0.631 0.819 -0.442265
0.632 0.819 -0.44073
0.633 0.819 -0.440642
0.634 0.819 -0.436782
0.635 0.819 -0.441112
0.636 0.819 -0.43939
0.637 0.819 -0.437968
0.638 0.819 -0.438887
0.639 0.819 -0.438596
0.64 0.819 -0.437673
0.641 0.819 -0.436642
0.642 0.819 -0.437525
0.643 0.819 -0.437353
0.644 0.819 -0.437105
0.645 0.819 -0.438347
0.646 0.819 -0.43528
0.647 0.819 -0.434989
0.648 0.819 -0.436007
0.649 0.819 -0.435842
0.6 0.82 -0.440418
0.601 0.82 -0.441823
0.602 0.82 -0.441918
0.603 0.82 -0.441666
0.604 0.82 -0.441466
0.605 0.82 -0.442473
0.606 0.82 -0.441075
0.607 0.82 -0.442299
0.608 0.82 -0.442869
0.609 0.82 -0.44313
0.61 0.82 -0.443251
0.611 0.82 -0.443613
0.612 0.82 -0.443005
0.613 0.82 -0.442658
0.614 0.82 -0.442456
0.615 0.82 -0.443158
0.616 0.82 -0.44284
0.617 0.82 -0.443659
0.618 0.82 -0.442465
0.619 0.82 -0.442262
0.62 0.82 -0.442993
0.621 0.82 -0.440277
0.622 0.82 -0.441914
0.623 0.82 -0.441441
0.624 0.82 -0.442566
0.625 0.82 -0.441811
0.626 0.82 -0.440414
0.627 0.82 -0.44164
0.628 0.82 -0.442735
0.629 0.82 -0.443208
0.63 0.82 -0.440491
0.631 0.82 -0.440632
0.632 0.82 -0.438144
0.633 0.82 -0.439725
0.634 0.82 -0.43894
0.635 0.82 -0.438872
0.636 0.82 -0.441127
0.637 0.82 -0.437912
0.638 0.82 -0.438234
0.639 0.82 -0.441065
0.64 0.82 -0.436889
0.641 0.82 -0.436611
0.642 0.82 -0.437539
0.643 0.82 -0.436759
0.644 0.82 -0.435837
0.645 0.82 -0.434936
0.646 0.82 -0.436689
0.647 0.82 -0.436049
0.648 0.82 -0.435288
0.649 0.82 -0.434787
0.6 0.821 -0.440038
0.601 0.821 -0.44154
0.602 0.821 -0.440965
0.603 0.821 -0.441475
0.604 0.821 -0.441503
0.605 0.821 -0.440781
0.606 0.821 -0.441793
0.607 0.821 -0.44286
0.608 0.821 -0.442247
0.609 0.821 -0.441906
0.61 0.821 -0.443115
0.611 0.821 -0.442423
0.612 0.821 -0.443064
0.613 0.821 -0.443041
0.614 0.821 -0.440716
0.615 0.821 -0.444076
0.616 0.821 -0.442303
0.617 0.821 -0.443676
0.618 0.821 -0.441229
0.619 0.821 -0.441718
0.62 0.821 -0.442174
0.621 0.821 -0.44287
0.622 0.821 -0.442344
0.623 0.821 -0.44324
0.624 0.821 -0.440302
0.625 0.821 -0.441399
0.626 0.821 -0.439342
0.627 0.821 -0.441489
0.628 0.821 -0.440692
0.629 0.821 -0.440644
0.63 0.821 -0.44
0.631 0.821 -0.439038
0.632 0.821 -0.440825
0.633 0.821 -0.439226
0.634 0.821 -0.438739
0.635 0.821 -0.438788
0.636 0.821 -0.440563
0.637 0.821 -0.438207
0.638 0.821 -0.438876
0.639 0.821 -0.436321
0.64 0.821 -0.437956
0.641 0.821 -0.436323
0.642 0.821 -0.437975
0.643 0.821 -0.437415
0.644 0.821 -0.437142
0.645 0.821 -0.433987
0.646 0.821 -0.435425
0.647 0.821 -0.433082
0.648 0.821 -0.435115
0.649 0.821 -0.435909
0.6 0.822 -0.440134
0.601 0.822 -0.441605
0.602 0.822 -0.441393
0.603 0.822 -0.44157
0.604 0.822 -0.441477
0.605 0.822 -0.442423
0.606 0.822 -0.443583
0.607 0.822 -0.442204
0.608 0.822 -0.441123
0.609 0.822 -0.4412
0.61 0.822 -0.442826
0.611 0.822 -0.442974
0.612 0.822 -0.443277
0.613 0.822 -0.443652
0.614 0.822 -0.444156
0.615 0.822 -0.442187
0.616 0.822 -0.44162
0.617 0.822 -0.442861
0.618 0.822 -0.442051
0.619 0.822 -0.442745
0.62 0.822 -0.442614
0.621 0.822 -0.441479
0.622 0.822 -0.443663
0.623 0.822 -0.442034
0.624 0.822 -0.441764
0.625 0.822 -0.441358
0.626 0.822 -0.440173
0.627 0.822 -0.440392
0.628 0.822 -0.442852
0.629 0.822 -0.441473
0.63 0.822 -0.442706
0.631 0.822 -0.440335
0.632 0.822 -0.441031
0.633 0.822 -0.441691
0.634 0.822 -0.440803
0.635 0.822 -0.439252
0.636 0.822 -0.44122
0.637 0.822 -0.438061
0.638 0.822 -0.437896
0.639 0.822 -0.438459
0.64 0.822 -0.436445
0.641 0.822 -0.438279
0.642 0.822 -0.437823
0.643 0.822 -0.438105
0.644 0.822 -0.436603
0.645 0.822 -0.437222
0.646 0.822 -0.435495
0.647 0.822 -0.434989
0.648 0.822 -0.433168
0.649 0.822 -0.432521
0.6 0.823 -0.441196
0.601 0.823 -0.442299
0.602 0.823 -0.441256
0.603 0.823 -0.440792
0.604 0.823 -0.442678
0.605 0.823 -0.441296
0.606 0.823 -0.441535
0.607 0.823 -0.440015
0.608 0.823 -0.442433
0.609 0.823 -0.442108
0.61 0.823 -0.442742
0.611 0.823 -0.442953
0.612 0.823 -0.442124
0.613 0.823 -0.442704
0.614 0.823 -0.442442
0.615 0.823 -0.442783
0.616 0.823 -0.441891
0.617 0.823 -0.442685
0.618 0.823 -0.442832
0.619 0.823 -0.442642
0.62 0.823 -0.443035
0.621 0.823 -0.441003
0.622 0.823 -0.442568
0.623 0.823 -0.442006
0.624 0.823 -0.440003
0.625 0.823 -0.440362
0.626 0.823 -0.43974
0.627 0.823 -0.44161
0.628 0.823 -0.44123
0.629 0.823 -0.441115
0.63 0.823 -0.440921
0.631 0.823 -0.443237
0.632 0.823 -0.441211
0.633 0.823 -0.440103
0.634 0.823 -0.439304
0.635 0.823 -0.439804
0.636 0.823 -0.439403
0.637 0.823 -0.439643
0.638 0.823 -0.437981
0.639 0.823 -0.434976
0.64 0.823 -0.438116
0.641 0.823 -0.436587
0.642 0.823 -0.439524
0.643 0.823 -0.435802
0.644 0.823 -0.433944
0.645 0.823 -0.436328
0.646 0.823 -0.432448
0.647 0.823 -0.435692
0.648 0.823 -0.435591
0.649 0.823 -0.434572
0.6 0.824 -0.440586
0.601 0.824 -0.440894
0.602 0.824 -0.440495
0.603 0.824 -0.441119
0.604 0.824 -0.441229
0.605 0.824 -0.441181
0.606 0.824 -0.441715
0.607 0.824 -0.441232
0.608 0.824 -0.441562
0.609 0.824 -0.442136
0.61 0.824 -0.442621
0.611 0.824 -0.441525
0.612 0.824 -0.441178
0.613 0.824 -0.442026
0.614 0.824 -0.441444
0.615 0.824 -0.44197
0.616 0.824 -0.443172
0.617 0.824 -0.442634
0.618 0.824 -0.441939
0.619 0.824 -0.44175
0.62 0.824 -0.442272
0.621 0.824 -0.440727
0.622 0.824 -0.441347
0.623 0.824 -0.442019
0.624 0.824 -0.442878
0.625 0.824 -0.443157
0.626 0.824 -0.442747
0.627 0.824 -0.44165
0.628 0.824 -0.442749
0.629 0.824 -0.438658
0.63 0.824 -0.440893
0.631 0.824 -0.4399
0.632 0.824 -0.439894
0.633 0.824 -0.438377
0.634 0.824 -0.438642
0.635 0.824 -0.440429
0.636 0.824 -0.438505
0.637 0.824 -0.438979
0.638 0.824 -0.440443
0.639 0.824 -0.437013
0.64 0.824 -0.436833
0.641 0.824 -0.435607
0.642 0.824 -0.436182
0.643 0.824 -0.434786
0.644 0.824 -0.436735
0.645 0.824 -0.434559
0.646 0.824 -0.433987
0.647 0.824 -0.433415
0.648 0.824 -0.43525
0.649 0.824 -0.435273
0.6 0.825 -0.440385
0.601 0.825 -0.439255
0.602 0.825 -0.440382
0.603 0.825 -0.441574
0.604 0.825 -0.44125
0.605 0.825 -0.439201
0.606 0.825 -0.441956
0.607 0.825 -0.442865
0.608 0.825 -0.440177
0.609 0.825 -0.442581
0.61 0.825 -0.441785
0.611 0.825 -0.442557
0.612 0.825 -0.441123
0.613 0.825 -0.441193
0.614 0.825 -0.44164
0.615 0.825 -0.441425
0.616 0.825 -0.441696
0.617 0.825 -0.442275
0.618 0.825 -0.442568
0.619 0.825 -0.441666
0.62 0.825 -0.442806
0.621 0.825 -0.443574
0.622 0.825 -0.441634
0.623 0.825 -0.442961
0.624 0.825 -0.441351
0.625 0.825 -0.441404
0.626 0.825 -0.44034
0.627 0.825 -0.441669
0.628 0.825 -0.442061
0.629 0.825 -0.440347
0.63 0.825 -0.442168
0.631 0.825 -0.440373
0.632 0.825 -0.440075
0.633 0.825 -0.442403
0.634 0.825 -0.439913
0.635 0.825 -0.441181
0.636 0.825 -0.439317
0.637 0.825 -0.438883
0.638 0.825 -0.436404
0.639 0.825 -0.436525
0.64 0.825 -0.436395
0.641 0.825 -0.439707
0.642 0.825 -0.436184
0.643 0.825 -0.435019
0.644 0.825 -0.437013
0.645 0.825 -0.436773
0.646 0.825 -0.434563
0.647 0.825 -0.432676
0.648 0.825 -0.435371
0.649 0.825 -0.435325
0.6 0.826 -0.440183
0.601 0.826 -0.440044
0.602 0.826 -0.440297
0.603 0.826 -0.440092
0.604 0.826 -0.440395
0.605 0.826 -0.440812
0.606 0.826 -0.441086
0.607 0.826 -0.44094
0.608 0.826 -0.440857
0.609 0.826 -0.440116
0.61 0.826 -0.441851
0.611 0.826 -0.440254
0.612 0.826 -0.442152
0.613 0.826 -0.441961
0.614 0.826 -0.442157
0.615 0.826 -0.441461
0.616 0.826 -0.44165
0.617 0.826 -0.443705
0.618 0.826 -0.442334
0.619 0.826 -0.441084
0.62 0.826 -0.441684
0.621 0.826 -0.441345
0.622 0.826 -0.441241
0.623 0.826 -0.440617
0.624 0.826 -0.440643
0.625 0.826 -0.442976
0.626 0.826 -0.440599
0.627 0.826 -0.44108
0.628 0.826 -0.44074
0.629 0.826 -0.439632
0.63 0.826 -0.44163
0.631 0.826 -0.44096
0.632 0.826 -0.439729
0.633 0.826 -0.440077
0.634 0.826 -0.438684
0.635 0.826 -0.438437
0.636 0.826 -0.439759
0.637 0.826 -0.436788
0.638 0.826 -0.43749
0.639 0.826 -0.436867
0.64 0.826 -0.437386
0.641 0.826 -0.436126
0.642 0.826 -0.433729
0.643 0.826 -0.434469
0.644 0.826 -0.435194
0.645 0.826 -0.431873
0.646 0.826 -0.434702
0.647 0.826 -0.433631
0.648 0.826 -0.432892
0.649 0.826 -0.433858
0.6 0.827 -0.440936
0.601 0.827 -0.439452
0.602 0.827 -0.439641
0.603 0.827 -0.440621
0.604 0.827 -0.440692
0.605 0.827 -0.440162
0.606 0.827 -0.440432
0.607 0.827 -0.441712
0.608 0.827 -0.44022
0.609 0.827 -0.440886
0.61 0.827 -0.442554
0.611 0.827 -0.440104
0.612 0.827 -0.441609
0.613 0.827 -0.44165
0.614 0.827 -0.441219
0.615 0.827 -0.441094
0.616 0.827 -0.439373
0.617 0.827 -0.443545
0.618 0.827 -0.441383
0.619 0.827 -0.443156
0.62 0.827 -0.440128
0.621 0.827 -0.441998
0.622 0.827 -0.439673
0.623 0.827 -0.440964
0.624 0.827 -0.441312
0.625 0.827 -0.440936
0.626 0.827 -0.43929
0.627 0.827 -0.440744
0.628 0.827 -0.439882
0.629 0.827 -0.439282
0.63 0.827 -0.440992
0.631 0.827 -0.440382
0.632 0.827 -0.43949
0.633 0.827 -0.437664
0.634 0.827 -0.439581
0.635 0.827 -0.438162
0.636 0.827 -0.438651
0.637 0.827 -0.436575
0.638 0.827 -0.436688
0.639 0.827 -0.43758
0.64 0.827 -0.435278
0.641 0.827 -0.436367
0.642 0.827 -0.434742
0.643 0.827 -0.436294
0.644 0.827 -0.435602
0.645 0.827 -0.434577
0.646 0.827 -0.433212
0.647 0.827 -0.432181
0.648 0.827 -0.431558
0.649 0.827 -0.434333
0.6 0.828 -0.437693
0.601 0.828 -0.438881
0.602 0.828 -0.439548
0.603 0.828 -0.439141
0.604 0.828 -0.440338
0.605 0.828 -0.44015
0.606 0.828 -0.440344
0.607 0.828 -0.440547
0.608 0.828 -0.440635
0.609 0.828 -0.440373
0.61 0.828 -0.442033
0.611 0.828 -0.441877
0.612 0.828 -0.439722
0.613 0.828 -0.441101
0.614 0.828 -0.441215
0.615 0.828 -0.443319
0.616 0.828 -0.442016
0.617 0.828 -0.441614
0.618 0.828 -0.441225
0.619 0.828 -0.441284
0.62 0.828 -0.440081
0.621 0.828 -0.441204
0.622 0.828 -0.442405
0.623 0.828 -0.439347
0.624 0.828 -0.441914
0.625 0.828 -0.441565
0.626 0.828 -0.440687
0.627 0.828 -0.43827
0.628 0.828 -0.44133
0.629 0.828 -0.440037
0.63 0.828 -0.439742
0.631 0.828 -0.437595
0.632 0.828 -0.43926
0.633 0.828 -0.437651
0.634 0.828 -0.439022
0.635 0.828 -0.438124
0.636 0.828 -0.43719
0.637 0.828 -0.437563
0.638 0.828 -0.438429
0.639 0.828 -0.435671
0.64 0.828 -0.436636
0.641 0.828 -0.436356
0.642 0.828 -0.436456
0.643 0.828 -0.43576
0.644 0.828 -0.435926
0.645 0.828 -0.43644
0.646 0.828 -0.436621
0.647 0.828 -0.43457
0.648 0.828 -0.433765
0.649 0.828 -0.432139
0.6 0.829 -0.438841
0.601 0.829 -0.439464
0.602 0.829 -0.439657
0.603 0.829 -0.44041
0.604 0.829 -0.440791
0.605 0.829 -0.44182
0.606 0.829 -0.440137
0.607 0.829 -0.441194
0.608 0.829 -0.4401
0.609 0.829 -0.439552
0.61 0.829 -0.441046
0.611 0.829 -0.439831
0.612 0.829 -0.440745
0.613 0.829 -0.44083
0.614 0.829 -0.44059
0.615 0.829 -0.44146
0.616 0.829 -0.440756
0.617 0.829 -0.441734
0.618 0.829 -0.438739
0.619 0.829 -0.440353
0.62 0.829 -0.441756
0.621 0.829 -0.440427
0.622 0.829 -0.440438
0.623 0.829 -0.440639
0.624 0.829 -0.438402
0.625 0.829 -0.441123
0.626 0.829 -0.441714
0.627 0.829 -0.439785
0.628 0.829 -0.44095
0.629 0.829 -0.440995
0.63 0.829 -0.438613
0.631 0.829 -0.437264
0.632 0.829 -0.440976
0.633 0.829 -0.438174
0.634 0.829 -0.44057
0.635 0.829 -0.437702
0.636 0.829 -0.435319
0.637 0.829 -0.439735
0.638 0.829 -0.438148
0.639 0.829 -0.437568
0.64 0.829 -0.435017
0.641 0.829 -0.435773
0.642 0.829 -0.435511
0.643 0.829 -0.435159
0.644 0.829 -0.433658
0.645 0.829 -0.433447
0.646 0.829 -0.432063
0.647 0.829 -0.431449
0.648 0.829 -0.432626
0.649 0.829 -0.43198
