-2.74725 0
-2.73625 0
-2.72525 0
-2.71425 0.000272727
-2.70325 0
-2.69225 0
-2.68125 0
-2.67025 0.000363636
-2.65925 0
-2.64825 0
-2.63725 0
-2.62625 0
-2.61525 0.000181818
-2.60425 0
-2.59325 0
-2.58225 0.000454545
-2.57125 0.000363636
-2.56025 0.000181818
-2.54925 0
-2.53825 0
-2.52725 0.000363636
-2.51625 9.09091e-05
-2.50525 0.000272727
-2.49425 0
-2.48325 9.09091e-05
-2.47225 0.000181818
-2.46125 0.000727273
-2.45025 0.000181818
-2.43925 0.000363636
-2.42825 0.000636364
-2.41725 9.09091e-05
-2.40625 0.000636364
-2.39525 9.09091e-05
-2.38425 0.000181818
-2.37325 0.000454545
-2.36225 9.09091e-05
-2.35125 0.000727273
-2.34025 0.000727273
-2.32925 0.00127273
-2.31825 0.000272727
-2.30725 9.09091e-05
-2.29625 0.000363636
-2.28525 0.000545455
-2.27425 0.00154545
-2.26325 0.00127273
-2.25225 0.00127273
-2.24125 0.00172727
-2.23025 0.00118182
-2.21925 0.00272727
-2.20825 0.00154545
-2.19725 0.00309091
-2.18625 0.00145455
-2.17525 0.00118182
-2.16425 0.00327273
-2.15325 0.002
-2.14225 0.00336364
-2.13125 0.00463636
-2.12025 0.00309091
-2.10925 0.00272727
-2.09825 0.004
-2.08725 0.00409091
-2.07625 0.00554545
-2.06525 0.004
-2.05425 0.00736364
-2.04325 0.00681818
-2.03225 0.00627273
-2.02125 0.00672727
-2.01025 0.00763636
-1.99925 0.00927273
-1.98825 0.00990909
-1.97725 0.00854545
-1.96625 0.00745455
-1.95525 0.0102727
-1.94425 0.0112727
-1.93325 0.0136364
-1.92225 0.0161818
-1.91125 0.0147273
-1.90025 0.0140909
-1.88925 0.0123636
-1.87825 0.0182727
-1.86725 0.0187273
-1.85625 0.0200909
-1.84525 0.0220909
-1.83425 0.0236364
-1.82325 0.0256364
-1.81225 0.0214545
-1.80125 0.0283636
-1.79025 0.0245455
-1.77925 0.0297273
-1.76825 0.0287273
-1.75725 0.0317273
-1.74625 0.0355455
-1.73525 0.0370909
-1.72425 0.041
-1.71325 0.0388182
-1.70225 0.0426364
-1.69125 0.0455455
-1.68025 0.0508182
-1.66925 0.0535455
-1.65825 0.0497273
-1.64725 0.0541818
-1.63625 0.0608182
-1.62525 0.0689091
-1.61425 0.0679091
-1.60325 0.0620909
-1.59225 0.0820909
-1.58125 0.078
-1.57025 0.0756364
-1.55925 0.0815455
-1.54825 0.087
-1.53725 0.0890909
-1.52625 0.0952727
-1.51525 0.0915455
-1.50425 0.105364
-1.49325 0.105273
-1.48225 0.114727
-1.47125 0.123727
-1.46025 0.126364
-1.44925 0.124364
-1.43825 0.133273
-1.42725 0.130545
-1.41625 0.137545
-1.40525 0.145818
-1.39425 0.149364
-1.38325 0.162909
-1.37225 0.158364
-1.36125 0.165
-1.35025 0.175455
-1.33925 0.171364
-1.32825 0.180273
-1.31725 0.197545
-1.30625 0.205364
-1.29525 0.194273
-1.28425 0.2
-1.27325 0.218364
-1.26225 0.216364
-1.25125 0.232909
-1.24025 0.241273
-1.22925 0.245364
-1.21825 0.241182
-1.20725 0.246
-1.19625 0.251182
-1.18525 0.273727
-1.17425 0.269636
-1.16325 0.272
-1.15225 0.277364
-1.14125 0.289182
-1.13025 0.296273
-1.11925 0.296091
-1.10825 0.305455
-1.09725 0.299818
-1.08625 0.311727
-1.07525 0.330909
-1.06425 0.326364
-1.05325 0.328273
-1.04225 0.338818
-1.03125 0.333182
-1.02025 0.366455
-1.00925 0.366364
-0.99825 0.364364
-0.98725 0.361818
-0.97625 0.365
-0.96525 0.389727
-0.95425 0.376818
-0.94325 0.377182
-0.93225 0.365273
-0.92125 0.394455
-0.91025 0.392
-0.89925 0.380636
-0.88825 0.400636
-0.87725 0.405
-0.86625 0.402727
-0.85525 0.411
-0.84425 0.405545
-0.83325 0.397364
-0.82225 0.419182
-0.81125 0.407545
-0.80025 0.405455
-0.78925 0.416273
-0.77825 0.411273
-0.76725 0.423182
-0.75625 0.414364
-0.74525 0.410636
-0.73425 0.409091
-0.72325 0.412545
-0.71225 0.408
-0.70125 0.400182
-0.69025 0.428364
-0.67925 0.409636
-0.66825 0.424364
-0.65725 0.417182
-0.64625 0.426
-0.63525 0.417727
-0.62425 0.397
-0.61325 0.407364
-0.60225 0.409636
-0.59125 0.425273
-0.58025 0.391636
-0.56925 0.402091
-0.55825 0.403727
-0.54725 0.394364
-0.53625 0.393091
-0.52525 0.390364
-0.51425 0.378636
-0.50325 0.382545
-0.49225 0.388818
-0.48125 0.370364
-0.47025 0.378273
-0.45925 0.370091
-0.44825 0.373
-0.43725 0.367818
-0.42625 0.37
-0.41525 0.366545
-0.40425 0.360182
-0.39325 0.346273
-0.38225 0.352091
-0.37125 0.365455
-0.36025 0.346273
-0.34925 0.345364
-0.33825 0.345273
-0.32725 0.344
-0.31625 0.325091
-0.30525 0.336455
-0.29425 0.329818
-0.28325 0.320364
-0.27225 0.328909
-0.26125 0.320545
-0.25025 0.327727
-0.23925 0.320273
-0.22825 0.310818
-0.21725 0.309818
-0.20625 0.312
-0.19525 0.310273
-0.18425 0.307182
-0.17325 0.309455
-0.16225 0.309727
-0.15125 0.298182
-0.14025 0.307636
-0.12925 0.296545
-0.11825 0.299455
-0.10725 0.301182
-0.09625 0.301
-0.08525 0.294727
-0.07425 0.292818
-0.06325 0.285909
-0.05225 0.280364
-0.04125 0.291182
-0.03025 0.290455
-0.01925 0.291182
-0.00825 0.290818
0.00275 0.291364
0.01375 0.301
0.02475 0.301818
0.03575 0.289727
0.04675 0.294
0.05775 0.297091
0.06875 0.285727
0.07975 0.290909
0.09075 0.301
0.10175 0.291273
0.11275 0.293091
0.12375 0.293182
0.13475 0.307182
0.14575 0.308273
0.15675 0.311091
0.16775 0.312
0.17875 0.311364
0.18975 0.319455
0.20075 0.318545
0.21175 0.307636
0.22275 0.318455
0.23375 0.318636
0.24475 0.318636
0.25575 0.323455
0.26675 0.329182
0.27775 0.325455
0.28875 0.334545
0.29975 0.340364
0.31075 0.337909
0.32175 0.341455
0.33275 0.337545
0.34375 0.349818
0.35475 0.345727
0.36575 0.340364
0.37675 0.354545
0.38775 0.356
0.39875 0.354182
0.40975 0.362091
0.42075 0.366364
0.43175 0.365091
0.44275 0.370909
0.45375 0.365182
0.46475 0.389273
0.47575 0.383
0.48675 0.383818
0.49775 0.386273
0.50875 0.390273
0.51975 0.389636
0.53075 0.394818
0.54175 0.395091
0.55275 0.405364
0.56375 0.411273
0.57475 0.403636
0.58575 0.403636
0.59675 0.414636
0.60775 0.410455
0.61875 0.406182
0.62975 0.414455
0.64075 0.402182
0.65175 0.417636
0.66275 0.416273
0.67375 0.416091
0.68475 0.412364
0.69575 0.429636
0.70675 0.418455
0.71775 0.412818
0.72875 0.408091
0.73975 0.408455
0.75075 0.401273
0.76175 0.416818
0.77275 0.401273
0.78375 0.412
0.79475 0.422727
0.80575 0.409818
0.81675 0.406727
0.82775 0.417
0.83875 0.411636
0.84975 0.399091
0.86075 0.402909
0.87175 0.388545
0.88275 0.385364
0.89375 0.404273
0.90475 0.398636
0.91575 0.379636
0.92675 0.378364
0.93775 0.380455
0.94875 0.359182
0.95975 0.371636
0.97075 0.368818
0.98175 0.352091
0.99275 0.355909
1.00375 0.354909
1.01475 0.345182
1.02575 0.34
1.03675 0.344364
1.04775 0.336727
1.05875 0.337273
1.06975 0.32
1.08075 0.323636
1.09175 0.306636
1.10275 0.314909
1.11375 0.295
1.12475 0.292182
1.13575 0.291727
1.14675 0.287
1.15775 0.268273
1.16875 0.278818
1.17975 0.257
1.19075 0.254909
1.20175 0.253727
1.21275 0.243909
1.22375 0.231727
1.23475 0.227545
1.24575 0.221818
1.25675 0.229545
1.26775 0.218636
1.27875 0.202455
1.28975 0.209818
1.30075 0.203182
1.31175 0.192455
1.32275 0.183455
1.33375 0.184091
1.34475 0.171
1.35575 0.167273
1.36675 0.164545
1.37775 0.158909
1.38875 0.149727
1.39975 0.144
1.41075 0.140818
1.42175 0.134909
1.43275 0.133091
1.44375 0.129182
1.45475 0.119727
1.46575 0.111727
1.47675 0.113818
1.48775 0.120091
1.49875 0.102545
1.50975 0.108091
1.52075 0.0991818
1.53175 0.0945455
1.54275 0.0815455
1.55375 0.0856364
1.56475 0.0734545
1.57575 0.0733636
1.58675 0.0733636
1.59775 0.0624545
1.60875 0.0677273
1.61975 0.0593636
1.63075 0.0615455
1.64175 0.0548182
1.65275 0.0562727
1.66375 0.055
1.67475 0.0490909
1.68575 0.0504545
1.69675 0.0474545
1.70775 0.0412727
1.71875 0.0420909
1.72975 0.0392727
1.74075 0.0355455
1.75175 0.0346364
1.76275 0.0322727
1.77375 0.0333636
1.78475 0.0331818
1.79575 0.0290909
1.80675 0.0232727
1.81775 0.0207273
1.82875 0.0254545
1.83975 0.0220909
1.85075 0.0191818
1.86175 0.02
1.87275 0.0176364
1.88375 0.019
1.89475 0.0154545
1.90575 0.0126364
1.91675 0.0113636
1.92775 0.0112727
1.93875 0.0128182
1.94975 0.0135455
1.96075 0.0108182
1.97175 0.0108182
1.98275 0.00790909
1.99375 0.00918182
2.00475 0.00672727
2.01575 0.00481818
2.02675 0.00609091
2.03775 0.00681818
2.04875 0.00645455
2.05975 0.00718182
2.07075 0.00454545
2.08175 0.00536364
2.09275 0.00345455
2.10375 0.00381818
2.11475 0.00354545
2.12575 0.00345455
2.13675 0.00436364
2.14775 0.00272727
2.15875 0.003
2.16975 0.002
2.18075 0.00209091
2.19175 0.00218182
2.20275 0.00118182
2.21375 0.00118182
2.22475 0.00154545
2.23575 0.00227273
2.24675 0.000818182
2.25775 0.00245455
2.26875 0.00163636
2.27975 0.00118182
2.29075 0.000454545
2.30175 0.00190909
2.31275 0.001
2.32375 0.00109091
2.33475 0.000454545
2.34575 0.000636364
2.35675 0.000363636
2.36775 0.000363636
2.37875 0.000454545
2.38975 9.09091e-05
2.40075 0.000636364
2.41175 0.000636364
2.42275 0.000454545
2.43375 0.000363636
2.44475 0.000272727
2.45575 0.000272727
2.46675 0
2.47775 0.000272727
2.48875 0.000545455
2.49975 0.000181818
2.51075 0.000363636
2.52175 0.000363636
2.53275 0
2.54375 0
2.55475 0.000363636
2.56575 0
2.57675 0
2.58775 9.09091e-05
2.59875 0
2.60975 0.000272727
2.62075 0
2.63175 0
2.64275 0.000272727
2.65375 0
2.66475 0
2.67575 0
2.68675 0
2.69775 0
2.70875 0
2.71975 0
2.73075 0
2.74175 0
