0 -0.452774 0.205004 nan -0.452774
1 -0.444432 0.197589 0.00834229 -0.43609
2 -0.443466 0.19671 0.00491239 -0.441533
3 -0.443719 0.196923 0.00348285 -0.444481
4 -0.442433 0.195783 0.00298867 -0.437289
5 -0.440249 0.193873 0.00327504 -0.429328
6 -0.440033 0.193675 0.00277635 -0.438735
7 -0.440304 0.193909 0.00241968 -0.442205
8 -0.440433 0.194018 0.00213785 -0.441466
9 -0.440412 0.193996 0.00191227 -0.440222
10 -0.440658 0.19421 0.00174706 -0.443113
11 -0.441383 0.194852 0.00175181 -0.449355
12 -0.442197 0.195578 0.0018057 -0.451975
13 -0.443442 0.196697 0.00208385 -0.459614
14 -0.443609 0.196842 0.00194716 -0.445952
15 -0.444333 0.19749 0.00196018 -0.4552
16 -0.444544 0.197674 0.00185323 -0.447907
17 -0.444646 0.197762 0.00175024 -0.446388
18 -0.444986 0.198064 0.00169002 -0.451097
19 -0.445232 0.198281 0.00162211 -0.449912
20 -0.444699 0.19781 0.00163245 -0.434036
21 -0.445271 0.198324 0.00165832 -0.457287
22 -0.444128 0.197334 0.0019538 -0.418982
23 -0.443924 0.19715 0.00188169 -0.439238
24 -0.443986 0.197201 0.0018059 -0.445459
25 -0.443138 0.196464 0.00193117 -0.421939
26 -0.44303 0.196365 0.0018614 -0.440224
27 -0.442961 0.196302 0.001795 -0.441109
28 -0.443558 0.196838 0.00183201 -0.460275
29 -0.443592 0.196865 0.00177021 -0.444576
30 -0.443284 0.196591 0.00173971 -0.434032
31 -0.443645 0.196913 0.00172287 -0.454858
32 -0.443892 0.197131 0.00168795 -0.451783
33 -0.443828 0.197072 0.0016388 -0.441717
34 -0.443725 0.196978 0.00159465 -0.440209
35 -0.443761 0.197007 0.00155013 -0.445016
36 -0.443591 0.196856 0.00151717 -0.437482
37 -0.443602 0.196863 0.00147675 -0.443999
38 -0.443834 0.19707 0.0014571 -0.45268
39 -0.444019 0.197233 0.00143215 -0.451217
40 -0.444071 0.197278 0.00139777 -0.446171
41 -0.444223 0.197411 0.00137243 -0.450419
42 -0.444394 0.197562 0.001351 -0.451575
43 -0.444351 0.197523 0.00132063 -0.442507
44 -0.444397 0.197562 0.00129177 -0.446416
45 -0.444234 0.197417 0.0012738 -0.436916
46 -0.444207 0.197391 0.00124669 -0.442965
47 -0.444214 0.197396 0.00122046 -0.444529
48 -0.4443 0.197471 0.0011984 -0.448438
49 -0.444313 0.197482 0.00117426 -0.444979
50 -0.443788 0.197027 0.00126544 -0.417496
51 -0.443968 0.197188 0.00125391 -0.453171
52 -0.444057 0.197266 0.00123323 -0.448677
53 -0.443996 0.19721 0.00121173 -0.440751
54 -0.444187 0.197381 0.00120483 -0.454536
55 -0.444081 0.197285 0.00118792 -0.438215
56 -0.444127 0.197325 0.0011678 -0.446705
57 -0.444134 0.19733 0.00114751 -0.444558
58 -0.443892 0.197117 0.00115369 -0.429822
59 -0.444171 0.197368 0.00116821 -0.460659
60 -0.444277 0.197462 0.00115376 -0.450625
61 -0.444319 0.197498 0.00113578 -0.446881
62 -0.444353 0.197528 0.00111814 -0.446503
63 -0.444479 0.197639 0.00110766 -0.452383
64 -0.444625 0.197769 0.00110023 -0.453977
65 -0.44448 0.19764 0.00109306 -0.435074
66 -0.444476 0.197636 0.00107663 -0.444212
67 -0.444422 0.197586 0.00106207 -0.440774
68 -0.444387 0.197555 0.00104713 -0.442043
69 -0.44453 0.197682 0.00104187 -0.45437
70 -0.444628 0.197768 0.00103173 -0.45147
71 -0.444684 0.197817 0.00101884 -0.448661
72 -0.444515 0.197669 0.00101879 -0.432398
73 -0.444431 0.197593 0.0010085 -0.438234
74 -0.444288 0.197467 0.00100513 -0.433739
75 -0.444231 0.197415 0.000993439 -0.43997
76 -0.444293 0.19747 0.000982415 -0.44901
77 -0.444328 0.1975 0.000970374 -0.447033
78 -0.444429 0.197589 0.000963237 -0.452244
79 -0.444481 0.197635 0.000952551 -0.448603
80 -0.44441 0.197571 0.00094341 -0.438712
81 -0.444392 0.197555 0.000931997 -0.442981
82 -0.444478 0.197631 0.000924661 -0.451489
83 -0.4445 0.197649 0.000913857 -0.446341
84 -0.444526 0.197672 0.000903419 -0.446722
85 -0.444515 0.197661 0.000892923 -0.443565
86 -0.444593 0.197731 0.000886072 -0.451333
87 -0.444653 0.197783 0.000877971 -0.449838
88 -0.444772 0.197889 0.000876161 -0.455239
89 -0.444692 0.197819 0.000869993 -0.437634
90 -0.444593 0.19773 0.000866151 -0.435609
91 -0.444608 0.197743 0.000856815 -0.445967
92 -0.44448 0.19763 0.00085714 -0.432717
93 -0.444497 0.197645 0.000848154 -0.446128
94 -0.444673 0.197803 0.000857401 -0.461201
95 -0.444788 0.197906 0.000856221 -0.455742
96 -0.444886 0.197994 0.000852984 -0.454284
97 -0.444965 0.198063 0.000847876 -0.452579
98 -0.444995 0.19809 0.000839823 -0.447985
99 -0.444943 0.198043 0.000833033 -0.439753
