0 13.4427
1 12.4649
2 12.4566
3 11.7531
4 10.8057
5 10.5892
6 9.84254
7 9.71288
8 9.34626
9 9.34626
10 9.12261
11 8.55106
12 8.50337
13 8.22255
14 8.22255
15 8.10031
16 7.88008
17 7.83239
18 7.74858
19 7.5712
20 7.02627
21 7.02627
22 6.76481
23 6.76481
24 6.50149
25 6.50149
26 6.50149
27 6.50126
28 6.49007
29 6.42034
30 6.27928
31 6.23217
32 5.98609
33 5.97618
34 5.95162
35 5.72336
36 5.62623
37 5.62623
38 5.51359
39 5.29811
40 5.27977
41 5.11861
42 4.99237
43 4.99237
44 4.97292
45 4.97292
46 4.92839
47 4.92839
48 4.92839
49 4.92839
50 4.92839
51 4.92839
52 4.92839
53 4.92839
54 4.92839
55 4.92839
56 4.92839
57 4.92839
58 4.92839
59 4.82157
60 4.82157
61 4.82157
62 4.82157
63 4.82157
64 4.82157
65 4.82157
66 4.82157
67 4.82157
68 4.82157
69 4.82157
70 4.82157
71 4.82157
72 4.82157
73 4.82157
74 4.82157
75 4.82157
76 4.82157
77 4.82157
78 4.82157
79 4.82157
80 4.82157
81 4.82157
82 4.82157
83 4.75987
84 4.75987
85 4.75987
86 4.75987
87 4.75987
88 4.75987
89 4.75987
90 4.75987
91 4.75725
92 4.75725
93 4.75725
94 4.75725
95 4.75725
96 4.75725
97 4.75725
98 4.75725
99 4.74202
100 4.74202
101 4.74202
102 4.74202
103 4.74202
104 4.74202
105 4.73632
106 4.73632
107 4.73632
108 4.73632
109 4.73632
110 4.73632
111 4.73632
112 4.73632
113 4.73632
114 4.73632
115 4.73632
116 4.73632
117 4.73632
118 4.73542
119 4.73542
120 4.73542
121 4.73542
122 4.73542
123 4.70219
124 4.70219
125 4.70219
126 4.70219
127 4.70219
128 4.70219
129 4.70219
130 4.70219
131 4.70219
132 4.70219
133 4.70219
134 4.70219
135 4.70219
136 4.70219
137 4.70219
138 4.70219
139 4.70219
140 4.70219
141 4.70219
142 4.70219
143 4.69944
144 4.69944
145 4.69944
146 4.69944
147 4.69944
148 4.69944
149 4.69944
150 4.69944
151 4.69944
152 4.69944
153 4.69944
154 4.69944
155 4.69944
156 4.69944
157 4.69944
158 4.69944
159 4.69944
160 4.69944
161 4.69944
162 4.69944
163 4.69944
164 4.69944
165 4.69944
166 4.69944
167 4.69944
168 4.69944
169 4.69944
170 4.69944
171 4.69944
172 4.69944
173 4.69944
174 4.69944
175 4.69944
176 4.69944
177 4.69944
178 4.69944
179 4.69944
180 4.69944
181 4.69944
182 4.69944
183 4.69944
184 4.69944
185 4.69944
186 4.69944
187 4.69944
188 4.69944
189 4.69944
190 4.69944
191 4.69944
192 4.69944
193 4.69944
194 4.69944
195 4.69944
196 4.69944
197 4.69944
198 4.69944
199 4.69944
200 4.69944
201 4.69944
202 4.69944
203 4.69944
204 4.69944
205 4.69944
206 4.69944
207 4.69944
208 4.69944
209 4.69944
210 4.69944
211 4.69944
212 4.69944
213 4.69944
214 4.69944
215 4.69944
216 4.69944
217 4.69944
218 4.69944
219 4.69944
220 4.69944
221 4.69944
222 4.69944
223 4.69944
224 4.69944
225 4.69944
226 4.69944
227 4.69944
228 4.69944
229 4.69944
230 4.69944
231 4.69944
232 4.69944
233 4.69944
234 4.69944
235 4.69944
236 4.69944
237 4.69944
238 4.69944
239 4.69944
240 4.69944
241 4.69944
242 4.69944
243 4.69944
244 4.69944
245 4.69944
246 4.69944
247 4.69944
248 4.69944
249 4.69944
250 4.69944
251 4.68712
252 4.68712
253 4.68712
254 4.68712
255 4.68712
256 4.68712
257 4.68712
258 4.68712
259 4.68712
260 4.68712
261 4.68712
262 4.68712
263 4.68712
264 4.68712
265 4.68712
266 4.68712
267 4.68712
268 4.68712
269 4.68712
270 4.68712
271 4.68712
272 4.68712
273 4.68712
274 4.68712
275 4.68712
276 4.68712
277 4.68712
278 4.68712
279 4.68712
280 4.68712
281 4.68712
282 4.68712
283 4.68712
284 4.68712
285 4.68712
286 4.68712
287 4.68712
288 4.68712
289 4.68712
290 4.68712
291 4.68712
292 4.68712
293 4.68712
294 4.68712
295 4.68712
296 4.68712
297 4.68712
298 4.68712
299 4.68712
300 4.68712
301 4.68712
302 4.68712
303 4.68712
304 4.68712
305 4.68712
306 4.68712
307 4.68712
308 4.68712
309 4.68712
310 4.68712
311 4.68712
312 4.68712
313 4.68712
314 4.68712
315 4.68712
316 4.68712
317 4.68712
318 4.68712
319 4.68712
320 4.68712
321 4.68712
322 4.68712
323 4.68712
324 4.68712
325 4.68712
326 4.68712
327 4.68712
328 4.68712
329 4.68712
330 4.68712
331 4.68712
332 4.68712
333 4.68712
334 4.68712
335 4.68712
336 4.68712
337 4.68712
338 4.68712
339 4.68712
340 4.68712
341 4.68712
342 4.68712
343 4.68712
344 4.68712
345 4.68712
346 4.68712
347 4.68712
348 4.68712
349 4.68712
350 4.68712
351 4.68712
352 4.68712
353 4.68712
354 4.68712
355 4.68712
356 4.68712
357 4.68712
358 4.68712
359 4.68712
360 4.68712
361 4.68712
362 4.68712
363 4.68712
364 4.68712
365 4.68712
366 4.68712
367 4.68712
368 4.68712
369 4.68712
370 4.68712
371 4.68712
372 4.68712
373 4.68712
374 4.68712
375 4.68712
376 4.68712
377 4.68712
378 4.68712
379 4.68712
380 4.68712
381 4.68712
382 4.68712
383 4.68712
384 4.68712
385 4.68712
386 4.68712
387 4.68712
388 4.68712
389 4.68712
390 4.68712
391 4.68712
392 4.68712
393 4.68712
394 4.68712
395 4.68712
396 4.68712
397 4.68712
398 4.68712
399 4.68712
400 4.68712
401 4.68712
402 4.68712
403 4.68712
404 4.68712
405 4.68712
406 4.68712
407 4.68712
408 4.68712
409 4.68712
410 4.68712
411 4.68712
412 4.68712
413 4.68712
414 4.68712
415 4.68712
416 4.68712
417 4.68712
418 4.68712
419 4.68712
420 4.68712
421 4.68712
422 4.68712
423 4.68712
424 4.68712
425 4.68712
426 4.68712
427 4.68712
428 4.68712
429 4.68712
430 4.68712
431 4.68712
432 4.68712
433 4.68712
434 4.68712
435 4.68712
436 4.68712
437 4.68712
438 4.68712
439 4.68712
440 4.68712
441 4.68712
442 4.68712
443 4.68712
444 4.68712
445 4.68712
446 4.68712
447 4.68712
448 4.68712
449 4.68712
450 4.68712
451 4.68712
452 4.68712
453 4.68712
454 4.68712
455 4.68712
456 4.68712
457 4.68712
458 4.68712
459 4.68712
460 4.68712
461 4.68712
462 4.68712
463 4.68712
464 4.68712
465 4.68712
466 4.68712
467 4.68712
468 4.68712
469 4.68712
470 4.68712
471 4.68712
472 4.68712
473 4.68712
474 4.68712
475 4.68712
476 4.68712
477 4.68712
478 4.68712
479 4.68712
480 4.68712
481 4.68712
482 4.68712
483 4.68712
484 4.68712
485 4.68712
486 4.68712
487 4.68712
488 4.68712
489 4.68712
490 4.68712
491 4.68712
492 4.68712
493 4.68712
494 4.68712
495 4.68712
496 4.68712
497 4.68712
498 4.68712
499 4.68712
