0 16.4206
1 15.5849
2 14.8199
3 14.0727
4 13.5172
5 12.9459
6 12.3535
7 11.9158
8 11.4502
9 10.9695
10 10.5372
11 10.1727
12 9.83925
13 9.54279
14 9.29331
15 9.0384
16 8.84786
17 8.65085
18 8.54872
19 8.47076
20 8.28722
21 8.15641
22 7.96942
23 7.76764
24 7.53031
25 7.36236
26 7.21204
27 7.07918
28 6.95621
29 6.83049
30 6.80064
31 6.7962
32 6.70307
33 6.62755
34 6.52626
35 6.45221
36 6.34057
37 6.27183
38 6.11306
39 5.96902
40 5.81355
41 5.72138
42 5.64164
43 5.48984
44 5.37325
45 5.31971
46 5.26856
47 5.21399
48 5.17803
49 5.1123
50 5.11132
51 5.10321
52 5.11674
53 5.10598
54 5.10646
55 5.12061
56 5.13677
57 5.10879
58 5.12867
59 5.14578
60 5.11467
61 5.07405
62 5.0417
63 5.02212
64 5.02747
65 4.99823
66 5.00713
67 4.99186
68 4.95675
69 4.98108
70 4.99282
71 4.98792
72 4.97915
73 5.00419
74 4.97852
75 5.01118
76 4.99852
77 4.96784
78 4.97534
79 4.96748
80 4.9612
81 4.96883
82 4.97242
83 4.95902
84 4.97775
85 4.97088
86 4.96993
87 4.96918
88 4.95435
89 4.93081
90 4.92637
91 4.9321
92 4.90503
93 4.87243
94 4.8925
95 4.9241
96 4.91121
97 4.90738
98 4.91659
99 4.9321
100 4.91612
101 4.88641
102 4.89461
103 4.89353
104 4.87847
105 4.88553
106 4.93813
107 4.92283
108 4.95151
109 4.94393
110 4.9369
111 4.96616
112 4.99972
113 4.96902
114 4.95433
115 4.94882
116 4.98124
117 4.99862
118 4.98921
119 4.96468
120 4.93732
121 4.91261
122 4.95183
123 4.97931
124 4.98562
125 4.97766
126 4.95303
127 4.92778
128 4.91958
129 4.91893
130 4.89494
131 4.90862
132 4.89283
133 4.9025
134 4.91831
135 4.93134
136 4.8805
137 4.86899
138 4.86868
139 4.89515
140 4.90152
141 4.86714
142 4.87416
143 4.86768
144 4.85848
145 4.88184
146 4.87848
147 4.86576
148 4.84526
149 4.91411
150 4.90228
151 4.89195
152 4.8706
153 4.87478
154 4.8858
155 4.88169
156 4.89101
157 4.88582
158 4.89865
159 4.89708
160 4.90958
161 4.89956
162 4.91229
163 4.90028
164 4.92596
165 4.89712
166 4.9161
167 4.93147
168 4.88332
169 4.85918
170 4.8884
171 4.89241
172 4.95092
173 4.94132
174 4.91696
175 4.87932
176 4.89831
177 4.86587
178 4.87411
179 4.89348
180 4.8973
181 4.90461
182 4.92719
183 4.94775
184 4.96415
185 4.94157
186 4.92433
187 4.95633
188 4.93548
189 4.91203
190 4.90127
191 4.86911
192 4.84987
193 4.85217
194 4.89049
195 4.87571
196 4.92176
197 4.90063
198 4.8753
199 4.85895
200 4.85167
201 4.84201
202 4.87547
203 4.84596
204 4.85265
205 4.86163
206 4.88393
207 4.89098
208 4.91307
209 4.91769
210 4.91208
211 4.92142
212 4.90565
213 4.89164
214 4.88622
215 4.90149
216 4.89587
217 4.89978
218 4.91807
219 4.95345
220 4.93386
221 4.89094
222 4.91285
223 4.91167
224 4.90659
225 4.91297
226 4.91148
227 4.93396
228 4.91225
229 4.87431
230 4.86178
231 4.88263
232 4.89091
233 4.89322
234 4.89527
235 4.87769
236 4.88511
237 4.928
238 4.92578
239 4.91193
240 4.89069
241 4.90407
242 4.87217
243 4.87715
244 4.87175
245 4.86125
246 4.87776
247 4.87537
248 4.86792
249 4.88539
250 4.86625
251 4.89794
252 4.90106
253 4.88207
254 4.87279
255 4.88737
256 4.87278
257 4.87631
258 4.85039
259 4.83761
260 4.82061
261 4.82655
262 4.85354
263 4.84144
264 4.8383
265 4.85701
266 4.86849
267 4.87338
268 4.8708
269 4.84211
270 4.85038
271 4.8783
272 4.87417
273 4.88475
274 4.90236
275 4.876
276 4.8686
277 4.85508
278 4.86405
279 4.85669
280 4.88559
281 4.93851
282 4.89701
283 4.89539
284 4.89497
285 4.88016
286 4.90224
287 4.8858
288 4.85757
289 4.8887
290 4.88776
291 4.88505
292 4.86464
293 4.88353
294 4.88174
295 4.85145
296 4.87581
297 4.8632
298 4.85336
299 4.85025
300 4.87063
301 4.83931
302 4.87024
303 4.8667
304 4.86597
305 4.90423
306 4.89371
307 4.88343
308 4.85423
309 4.87484
310 4.86457
311 4.85576
312 4.83175
313 4.87636
314 4.88842
315 4.90042
316 4.88426
317 4.85109
318 4.88811
319 4.89048
320 4.882
321 4.88206
322 4.87291
323 4.8625
324 4.85931
325 4.84758
326 4.83514
327 4.84696
328 4.82433
329 4.84529
330 4.8774
331 4.85054
332 4.85627
333 4.87988
334 4.90796
335 4.90896
336 4.93798
337 4.88829
338 4.87571
339 4.88386
340 4.90343
341 4.88677
342 4.89728
343 4.87257
344 4.90964
345 4.91642
346 4.89119
347 4.89316
348 4.90928
349 4.88227
350 4.88877
351 4.8729
352 4.89113
353 4.86984
354 4.90836
355 4.91803
356 4.88529
357 4.84568
358 4.83974
359 4.83052
360 4.85282
361 4.87533
362 4.87276
363 4.84423
364 4.85969
365 4.8686
366 4.89464
367 4.85442
368 4.86649
369 4.91934
370 4.90496
371 4.87123
372 4.88537
373 4.8695
374 4.86955
375 4.87817
376 4.89881
377 4.90067
378 4.90069
379 4.88973
380 4.88795
381 4.88992
382 4.87548
383 4.87903
384 4.92221
385 4.93503
386 4.8907
387 4.85707
388 4.85213
389 4.8416
390 4.85324
391 4.88787
392 4.89764
393 4.90311
394 4.88541
395 4.8633
396 4.87703
397 4.89286
398 4.88945
399 4.89481
400 4.89688
401 4.92543
402 4.89435
403 4.9218
404 4.91679
405 4.90952
406 4.9224
407 4.90152
408 4.90339
409 4.89706
410 4.90124
411 4.91549
412 4.92804
413 4.94774
414 4.91196
415 4.90019
416 4.88505
417 4.9321
418 4.89552
419 4.88848
420 4.92985
421 4.94962
422 4.92999
423 4.91796
424 4.91694
425 4.93191
426 4.92974
427 4.92208
428 4.94945
429 4.92035
430 4.93205
431 4.92643
432 4.90129
433 4.89746
434 4.89851
435 4.92096
436 4.90554
437 4.93888
438 4.93219
439 4.91066
440 4.90595
441 4.88098
442 4.84402
443 4.83061
444 4.87719
445 4.86743
446 4.89017
447 4.89652
448 4.85827
449 4.84905
450 4.89284
451 4.91767
452 4.90524
453 4.89346
454 4.90328
455 4.94001
456 4.9134
457 4.86557
458 4.84415
459 4.88031
460 4.87399
461 4.89225
462 4.87886
463 4.8464
464 4.85029
465 4.83808
466 4.86244
467 4.85034
468 4.8725
469 4.87141
470 4.87943
471 4.86626
472 4.84995
473 4.85715
474 4.87922
475 4.88802
476 4.87268
477 4.8645
478 4.88386
479 4.84969
480 4.86998
481 4.88248
482 4.87198
483 4.89823
484 4.87882
485 4.88511
486 4.88194
487 4.85601
488 4.8725
489 4.90007
490 4.89393
491 4.90259
492 4.88781
493 4.90954
494 4.88863
495 4.87823
496 4.86656
497 4.89703
498 4.91344
499 4.86315
