0 13.4427
1 12.5656
2 11.657
3 11.2746
4 11.1648
5 9.76802
6 9.36915
7 9.36915
8 9.23849
9 8.92609
10 8.51528
11 8.4623
12 8.22401
13 8.16222
14 8.15139
15 7.39583
16 7.36768
17 7.23613
18 7.12159
19 7.02066
20 6.92793
21 6.8139
22 6.72118
23 6.50766
24 6.4727
25 6.46142
26 6.31382
27 6.31382
28 6.25723
29 6.06901
30 6.01241
31 6.01241
32 5.96789
33 5.96789
34 5.94367
35 5.91794
36 5.89372
37 5.85958
38 5.83537
39 5.83537
40 5.83035
41 5.83035
42 5.76644
43 5.57747
44 5.57747
45 5.57747
46 5.57658
47 5.57658
48 5.57658
49 5.56403
50 5.553
51 5.56403
52 5.56403
53 5.56403
54 5.56403
55 5.54342
56 5.54342
57 5.54342
58 5.52219
59 5.38767
60 5.38767
61 5.38767
62 5.38767
63 5.36534
64 5.36534
65 5.36534
66 5.36496
67 5.34263
68 5.34263
69 5.34263
70 5.34263
71 5.34263
72 5.34263
73 5.34263
74 5.34263
75 5.34263
76 5.34263
77 5.3378
78 5.3378
79 5.3378
80 5.3378
81 5.3378
82 5.3091
83 5.24479
84 5.24479
85 5.24479
86 5.24479
87 5.24479
88 5.24479
89 5.24479
90 5.24479
91 5.24479
92 5.24479
93 5.24479
94 5.24479
95 5.24479
96 5.24479
97 5.24479
98 5.24479
99 5.24479
100 5.24479
101 5.24479
102 5.24479
103 5.24479
104 5.24479
105 5.24479
106 5.24479
107 5.24479
108 5.24479
109 5.24479
110 5.24479
111 5.24479
112 5.24479
113 5.24479
114 5.24479
115 5.24479
116 5.24479
117 5.24479
118 5.24479
119 5.24479
120 5.22964
121 5.22964
122 5.22964
123 5.22964
124 5.22964
125 5.22964
126 5.22964
127 5.22964
128 5.22964
129 5.22964
130 5.22964
131 5.22964
132 5.22964
133 5.22964
134 5.22964
135 5.22964
136 5.22964
137 5.22964
138 5.22964
139 5.22964
140 5.22964
141 5.22964
142 5.22964
143 5.22964
144 5.22964
145 5.22964
146 5.22964
147 5.22964
148 5.22964
149 5.22964
150 5.22964
151 5.22964
152 5.22964
153 5.22964
154 5.22964
155 5.22964
156 5.22964
157 5.22964
158 5.22964
159 5.22964
160 5.22964
161 5.22964
162 5.22964
163 5.22964
164 5.22964
165 5.22964
166 5.22964
167 5.22964
168 5.22964
169 5.22964
170 5.22964
171 5.22964
172 5.22964
173 5.22964
174 5.22964
175 5.22964
176 5.22964
177 5.22964
178 5.22964
179 5.22964
180 5.22964
181 5.22964
182 5.22964
183 5.22964
184 5.22964
185 5.22964
186 5.22964
187 5.22964
188 5.22964
189 5.22964
190 5.22964
191 5.22964
192 5.22964
193 5.22964
194 5.22964
195 5.22964
196 5.22964
197 5.22964
198 5.22964
199 5.22964
200 5.22964
201 4.68712
202 4.68712
203 4.68712
204 4.68712
205 4.68712
206 4.68712
207 4.68712
208 4.68712
209 4.68712
210 4.68712
211 4.68712
212 4.68712
213 4.68712
214 4.68712
215 4.68712
216 4.68712
217 4.68712
218 4.68712
219 4.68712
220 4.68712
221 4.68712
222 4.68712
223 4.68712
224 4.68712
225 4.68712
226 4.68712
227 4.68712
228 4.68712
229 4.68712
230 4.68712
231 4.68712
232 4.68712
233 4.68712
234 4.68712
235 4.68712
236 4.68712
237 4.68712
238 4.68712
239 4.68712
240 4.68712
241 4.68712
242 4.68712
243 4.68712
244 4.68712
245 4.68712
246 4.68712
247 4.68712
248 4.68712
249 4.68712
250 4.68712
251 4.68712
252 4.68712
253 4.68712
254 4.68712
255 4.68712
256 4.68712
257 4.68712
258 4.68712
259 4.68712
260 4.68712
261 4.68712
262 4.68712
263 4.68712
264 4.68712
265 4.68712
266 4.68712
267 4.68712
268 4.68712
269 4.68712
270 4.68712
271 4.68712
272 4.68712
273 4.68712
274 4.68712
275 4.68712
276 4.68712
277 4.68712
278 4.68712
279 4.68712
280 4.68712
281 4.68712
282 4.68712
283 4.68712
284 4.68712
285 4.68712
286 4.68712
287 4.68712
288 4.68712
289 4.68712
290 4.68712
291 4.68712
292 4.68712
293 4.68712
294 4.68712
295 4.68712
296 4.68712
297 4.68712
298 4.68712
299 4.68712
300 4.68712
301 4.68712
302 4.68712
303 4.68712
304 4.68712
305 4.68712
306 4.68712
307 4.68712
308 4.68712
309 4.68712
310 4.68712
311 4.68712
312 4.68712
313 4.68712
314 4.68712
315 4.68712
316 4.68712
317 4.68712
318 4.68712
319 4.68712
320 4.68712
321 4.68712
322 4.68712
323 4.68712
324 4.68712
325 4.68712
326 4.68712
327 4.68712
328 4.68712
329 4.68712
330 4.68712
331 4.68712
332 4.68712
333 4.68712
334 4.68712
335 4.68712
336 4.68712
337 4.68712
338 4.68712
339 4.68712
340 4.68712
341 4.68712
342 4.68712
343 4.68712
344 4.68712
345 4.68712
346 4.68712
347 4.68712
348 4.68712
349 4.68712
350 4.68712
351 4.68712
352 4.68712
353 4.68712
354 4.68712
355 4.68712
356 4.68712
357 4.68712
358 4.68712
359 4.68712
360 4.68712
361 4.68712
362 4.68712
363 4.68712
364 4.68712
365 4.68712
366 4.68712
367 4.68712
368 4.68712
369 4.68712
370 4.68712
371 4.68712
372 4.68712
373 4.68712
374 4.68712
375 4.68712
376 4.68712
377 4.68712
378 4.68712
379 4.68712
380 4.68712
381 4.68712
382 4.68712
383 4.68712
384 4.68712
385 4.68712
386 4.68712
387 4.68712
388 4.68712
389 4.68712
390 4.68712
391 4.68712
392 4.68712
393 4.68712
394 4.68712
395 4.68712
396 4.68712
397 4.68712
398 4.68712
399 4.68712
400 4.68712
401 4.68712
402 4.68712
403 4.68712
404 4.68712
405 4.68712
406 4.68712
407 4.68712
408 4.68712
409 4.68712
410 4.68712
411 4.68712
412 4.68712
413 4.68712
414 4.68712
415 4.68712
416 4.68712
417 4.68712
418 4.68712
419 4.68712
420 4.68712
421 4.68712
422 4.68712
423 4.68712
424 4.68712
425 4.68712
426 4.68712
427 4.68712
428 4.68712
429 4.68712
430 4.68712
431 4.68712
432 4.68712
433 4.68712
434 4.68712
435 4.68712
436 4.68712
437 4.68712
438 4.68712
439 4.68712
440 4.68712
441 4.68712
442 4.68712
443 4.68712
444 4.68712
445 4.68712
446 4.68712
447 4.68712
448 4.68712
449 4.68712
450 4.68712
451 4.68712
452 4.68712
453 4.68712
454 4.68712
455 4.68712
456 4.68712
457 4.68712
458 4.68712
459 4.68712
460 4.68712
461 4.68712
462 4.68712
463 4.68712
464 4.68712
465 4.68712
466 4.68712
467 4.68712
468 4.68712
469 4.68712
470 4.68712
471 4.68712
472 4.68712
473 4.68712
474 4.68712
475 4.68712
476 4.68712
477 4.68712
478 4.68712
479 4.68712
480 4.68712
481 4.68712
482 4.68712
483 4.68712
484 4.68712
485 4.68712
486 4.68712
487 4.68712
488 4.68712
489 4.68712
490 4.68712
491 4.68712
492 4.68712
493 4.68712
494 4.68712
495 4.68712
496 4.68712
497 4.68712
498 4.68712
499 4.68712
