0 16.4206
1 15.4696
2 14.4302
3 13.4768
4 12.7452
5 12.1706
6 11.5103
7 10.7579
8 10.1645
9 9.81547
10 9.54832
11 9.33329
12 9.11597
13 8.87672
14 8.6558
15 8.50424
16 8.32468
17 8.04782
18 7.83622
19 7.61125
20 7.43712
21 7.27557
22 7.15446
23 7.02912
24 6.95693
25 6.89028
26 6.85023
27 6.74758
28 6.65291
29 6.58436
30 6.49538
31 6.35787
32 6.22505
33 6.15399
34 6.11074
35 6.05559
36 6.00347
37 5.97845
38 5.96839
39 5.94044
40 5.9392
41 5.88471
42 5.86385
43 5.85481
44 5.83273
45 5.77503
46 5.7032
47 5.6493
48 5.60984
49 5.5953
50 5.58848
51 5.58811
52 5.58193
53 5.5726
54 5.5852
55 5.57325
56 5.58459
57 5.56913
58 5.55773
59 5.55321
60 5.55058
61 5.50434
62 5.4813
63 5.45369
64 5.41636
65 5.4171
66 5.38917
67 5.39763
68 5.37543
69 5.36845
70 5.35743
71 5.35677
72 5.36576
73 5.37784
74 5.40075
75 5.36368
76 5.36801
77 5.3608
78 5.348
79 5.34197
80 5.34503
81 5.35203
82 5.35509
83 5.35574
84 5.36926
85 5.40594
86 5.34192
87 5.33472
88 5.28864
89 5.28029
90 5.25403
91 5.24539
92 5.24479
93 5.26435
94 5.29166
95 5.26493
96 5.26646
97 5.2628
98 5.25504
99 5.2828
100 5.25036
101 5.25343
102 5.24534
103 5.26555
104 5.29278
105 5.27601
106 5.28914
107 5.29268
108 5.28829
109 5.25819
110 5.25355
111 5.25947
112 5.24507
113 5.24479
114 5.24656
115 5.25166
116 5.25347
117 5.24496
118 5.24599
119 5.2623
120 5.26871
121 5.25153
122 5.25461
123 5.24454
124 5.2474
125 5.23294
126 5.25419
127 5.27513
128 5.24134
129 5.2416
130 5.25889
131 5.24391
132 5.23666
133 5.23341
134 5.23953
135 5.24927
136 5.25043
137 5.27702
138 5.25466
139 5.24259
140 5.2604
141 5.23272
142 5.23871
143 5.23525
144 5.23217
145 5.26509
146 5.236
147 5.25952
148 5.2559
149 5.24821
150 5.23765
151 5.23651
152 5.23414
153 5.2625
154 5.26901
155 5.24983
156 5.26755
157 5.25561
158 5.23387
159 5.25176
160 5.24173
161 5.29706
162 5.2692
163 5.24164
164 5.26274
165 5.27225
166 5.25229
167 5.23706
168 5.23468
169 5.24563
170 5.22964
171 5.23083
172 5.23561
173 5.24304
174 5.2451
175 5.26021
176 5.24822
177 5.24105
178 5.24787
179 5.24039
180 5.23926
181 5.24004
182 5.23937
183 5.23596
184 5.23086
185 5.23564
186 5.23665
187 5.25156
188 5.23507
189 5.24884
190 5.25794
191 5.26892
192 5.23447
193 5.24347
194 5.26006
195 5.2408
196 5.24062
197 5.233
198 5.24669
199 5.23863
200 5.23129
201 5.22857
202 5.17018
203 5.09593
204 4.99502
205 4.89056
206 4.82126
207 4.77214
208 4.75139
209 4.71901
210 4.69993
211 4.69413
212 4.69493
213 4.70525
214 4.71268
215 4.72502
216 4.69892
217 4.70665
218 4.69239
219 4.70701
220 4.68966
221 4.68983
222 4.70314
223 4.69807
224 4.6881
225 4.69352
226 4.68712
227 4.6963
228 4.68712
229 4.69032
230 4.70607
231 4.70035
232 4.70917
233 4.69319
234 4.69512
235 4.698
236 4.69248
237 4.7025
238 4.71956
239 4.69949
240 4.68929
241 4.68898
242 4.69914
243 4.70155
244 4.70221
245 4.69777
246 4.68726
247 4.69715
248 4.68738
249 4.69291
250 4.68987
251 4.69097
252 4.71208
253 4.71787
254 4.70039
255 4.68712
256 4.68753
257 4.69515
258 4.69299
259 4.72811
260 4.68853
261 4.68763
262 4.69503
263 4.70182
264 4.70878
265 4.73362
266 4.72199
267 4.70318
268 4.71129
269 4.68731
270 4.6881
271 4.68919
272 4.71309
273 4.70904
274 4.69859
275 4.692
276 4.69
277 4.69582
278 4.71612
279 4.68963
280 4.71707
281 4.70655
282 4.71537
283 4.69029
284 4.69516
285 4.69
286 4.69803
287 4.6979
288 4.71688
289 4.71017
290 4.71083
291 4.69813
292 4.72578
293 4.70599
294 4.69413
295 4.68833
296 4.68848
297 4.68898
298 4.68753
299 4.69797
300 4.68756
301 4.69523
302 4.70345
303 4.68956
304 4.68823
305 4.71645
306 4.70554
307 4.68847
308 4.69746
309 4.69286
310 4.68712
311 4.7021
312 4.69502
313 4.69363
314 4.69458
315 4.70686
316 4.69623
317 4.68712
318 4.68943
319 4.71487
320 4.71181
321 4.70267
322 4.70584
323 4.73139
324 4.72537
325 4.72111
326 4.70369
327 4.69054
328 4.69623
329 4.68712
330 4.68876
331 4.69991
332 4.69642
333 4.69404
334 4.69859
335 4.68729
336 4.69153
337 4.69319
338 4.7063
339 4.68779
340 4.69379
341 4.70363
342 4.68746
343 4.69342
344 4.70088
345 4.69958
346 4.69092
347 4.70469
348 4.70729
349 4.69948
350 4.73668
351 4.71992
352 4.70855
353 4.71196
354 4.70079
355 4.70699
356 4.68734
357 4.69848
358 4.69396
359 4.69117
360 4.68981
361 4.68865
362 4.68864
363 4.68743
364 4.69428
365 4.68743
366 4.69882
367 4.71306
368 4.70976
369 4.70774
370 4.69828
371 4.69087
372 4.69519
373 4.69646
374 4.69813
375 4.69653
376 4.69459
377 4.7193
378 4.71192
379 4.69057
380 4.69324
381 4.68734
382 4.68979
383 4.6908
384 4.68714
385 4.6884
386 4.69217
387 4.68811
388 4.6997
389 4.69468
390 4.68974
391 4.70636
392 4.69134
393 4.6932
394 4.68909
395 4.70259
396 4.68999
397 4.68774
398 4.68712
399 4.68712
400 4.68712
401 4.69426
402 4.68803
403 4.69353
404 4.69868
405 4.6872
406 4.6907
407 4.7159
408 4.69545
409 4.70051
410 4.68873
411 4.68956
412 4.70705
413 4.7004
414 4.70085
415 4.69092
416 4.68977
417 4.69201
418 4.68941
419 4.70078
420 4.71967
421 4.70584
422 4.70744
423 4.6877
424 4.7079
425 4.69075
426 4.68782
427 4.68823
428 4.68857
429 4.69633
430 4.69624
431 4.68735
432 4.68712
433 4.71098
434 4.68712
435 4.69417
436 4.69124
437 4.69651
438 4.69057
439 4.69614
440 4.68765
441 4.69614
442 4.71286
443 4.699
444 4.6937
445 4.69069
446 4.69233
447 4.6987
448 4.7282
449 4.73617
450 4.70503
451 4.68712
452 4.69921
453 4.69403
454 4.71129
455 4.68977
456 4.70031
457 4.6922
458 4.68728
459 4.69126
460 4.6915
461 4.68984
462 4.70272
463 4.7002
464 4.68712
465 4.69378
466 4.69012
467 4.69152
468 4.69746
469 4.69126
470 4.68873
471 4.70151
472 4.68932
473 4.69441
474 4.68712
475 4.68838
476 4.68925
477 4.69539
478 4.69556
479 4.68901
480 4.68958
481 4.68971
482 4.702
483 4.70422
484 4.69483
485 4.6875
486 4.70475
487 4.68759
488 4.68742
489 4.68774
490 4.68765
491 4.71731
492 4.69882
493 4.69927
494 4.68988
495 4.70373
496 4.70458
497 4.7182
498 4.71
499 4.70918
