0 16.4206
1 15.5532
2 14.6291
3 13.6749
4 12.9047
5 12.1816
6 11.4982
7 10.7744
8 10.1785
9 9.67659
10 9.35851
11 9.07148
12 8.79909
13 8.61643
14 8.47711
15 8.33674
16 8.18284
17 8.02045
18 7.80866
19 7.68741
20 7.54314
21 7.46342
22 7.36355
23 7.3376
24 7.22011
25 7.15823
26 7.0509
27 6.96956
28 6.89425
29 6.81861
30 6.74502
31 6.71802
32 6.67854
33 6.63634
34 6.58567
35 6.55738
36 6.54369
37 6.47998
38 6.41778
39 6.36458
40 6.29236
41 6.24459
42 6.19842
43 6.18912
44 6.20102
45 6.18541
46 6.19665
47 6.13263
48 6.14622
49 6.09955
50 6.10904
51 6.08548
52 6.06757
53 6.04828
54 5.99503
55 5.93752
56 5.87516
57 5.82034
58 5.80486
59 5.76918
60 5.71524
61 5.67143
62 5.7052
63 5.67874
64 5.70036
65 5.6799
66 5.64812
67 5.63459
68 5.62955
69 5.59843
70 5.5896
71 5.56456
72 5.56624
73 5.50529
74 5.49276
75 5.50398
76 5.49315
77 5.47244
78 5.47488
79 5.47432
80 5.44994
81 5.43972
82 5.45701
83 5.43251
84 5.43771
85 5.44199
86 5.41435
87 5.40653
88 5.41345
89 5.37838
90 5.3557
91 5.36606
92 5.40442
93 5.4476
94 5.4646
95 5.4641
96 5.39734
97 5.25923
98 5.18221
99 5.12016
100 5.05637
101 5.00947
102 4.97108
103 4.91561
104 4.87233
105 4.86317
106 4.82061
107 4.80899
108 4.76327
109 4.77655
110 4.75738
111 4.76455
112 4.77274
113 4.76007
114 4.74942
115 4.76615
116 4.7769
117 4.76845
118 4.77943
119 4.74978
120 4.75116
121 4.77296
122 4.7789
123 4.76394
124 4.77486
125 4.76403
126 4.77663
127 4.76045
128 4.76323
129 4.80238
130 4.78525
131 4.82381
132 4.80952
133 4.81371
134 4.79775
135 4.81801
136 4.8092
137 4.79737
138 4.78354
139 4.78969
140 4.74829
141 4.73032
142 4.75777
143 4.7571
144 4.79367
145 4.77598
146 4.76807
147 4.73223
148 4.75816
149 4.7381
150 4.74556
151 4.76712
152 4.77281
153 4.77005
154 4.77175
155 4.76867
156 4.7606
157 4.75276
158 4.71156
159 4.70502
160 4.74555
161 4.74729
162 4.7578
163 4.7541
164 4.74651
165 4.74588
166 4.75634
167 4.75305
168 4.75638
169 4.74452
170 4.79742
171 4.79132
172 4.80893
173 4.79472
174 4.76212
175 4.79143
176 4.76101
177 4.75748
178 4.76692
179 4.77318
180 4.77751
181 4.77229
182 4.73697
183 4.75697
184 4.77426
185 4.76158
186 4.77309
187 4.76039
188 4.74852
189 4.76566
190 4.78098
191 4.77508
192 4.77483
193 4.7656
194 4.75451
195 4.76979
196 4.76612
197 4.74746
198 4.76758
199 4.7525
200 4.77971
201 4.77047
202 4.77472
203 4.74477
204 4.75843
205 4.79829
206 4.7975
207 4.81351
208 4.76961
209 4.74645
210 4.73409
211 4.75537
212 4.74997
213 4.76795
214 4.7471
215 4.76558
216 4.75266
217 4.79993
218 4.77137
219 4.73934
220 4.76458
221 4.73067
222 4.76788
223 4.75227
224 4.75919
225 4.75313
226 4.7744
227 4.76856
228 4.77022
229 4.74538
230 4.76523
231 4.78181
232 4.76069
233 4.75652
234 4.76708
235 4.76884
236 4.7541
237 4.75952
238 4.76018
239 4.77638
240 4.79388
241 4.76207
242 4.76842
243 4.7676
244 4.75219
245 4.75416
246 4.76411
247 4.78802
248 4.79868
249 4.79467
250 4.77496
251 4.7536
252 4.73067
253 4.73035
254 4.72861
255 4.74881
256 4.76394
257 4.75533
258 4.76522
259 4.77082
260 4.75989
261 4.77865
262 4.76227
263 4.78688
264 4.78419
265 4.79498
266 4.76739
267 4.77598
268 4.75638
269 4.74318
270 4.76544
271 4.76303
272 4.74956
273 4.74491
274 4.73811
275 4.76286
276 4.77897
277 4.76561
278 4.77383
279 4.74318
280 4.78185
281 4.78066
282 4.74358
283 4.754
284 4.75061
285 4.7625
286 4.7734
287 4.75902
288 4.76815
289 4.76465
290 4.77549
291 4.76039
292 4.73958
293 4.73169
294 4.72654
295 4.74272
296 4.75852
297 4.78469
298 4.76757
299 4.77344
300 4.76696
301 4.75073
302 4.75696
303 4.76401
304 4.75143
305 4.74737
306 4.73942
307 4.75597
308 4.75726
309 4.75768
310 4.7461
311 4.74988
312 4.75167
313 4.77075
314 4.78092
315 4.79163
316 4.80616
317 4.78937
318 4.78234
319 4.77774
320 4.79056
321 4.78367
322 4.77785
323 4.78884
324 4.76909
325 4.76843
326 4.74707
327 4.76054
328 4.74531
329 4.76231
330 4.75876
331 4.73819
332 4.74974
333 4.79368
334 4.76882
335 4.77685
336 4.77023
337 4.76218
338 4.75036
339 4.74644
340 4.75101
341 4.76252
342 4.75631
343 4.77049
344 4.75131
345 4.76063
346 4.75718
347 4.75104
348 4.77776
349 4.73005
350 4.7374
351 4.75238
352 4.76222
353 4.76771
354 4.77517
355 4.78666
356 4.78036
357 4.78761
358 4.76662
359 4.76891
360 4.76824
361 4.79469
362 4.77673
363 4.78198
364 4.76253
365 4.78719
366 4.80098
367 4.74899
368 4.75683
369 4.78326
370 4.7952
371 4.78534
372 4.78891
373 4.78127
374 4.76281
375 4.76296
376 4.76498
377 4.74632
378 4.76768
379 4.80362
380 4.77266
381 4.76625
382 4.77694
383 4.76762
384 4.80939
385 4.75977
386 4.7507
387 4.76567
388 4.75606
389 4.76462
390 4.74658
391 4.75034
392 4.7627
393 4.76295
394 4.74205
395 4.74041
396 4.77899
397 4.80694
398 4.79882
399 4.80998
400 4.78946
401 4.8104
402 4.76661
403 4.76785
404 4.77917
405 4.77592
406 4.76286
407 4.77465
408 4.76227
409 4.77846
410 4.76279
411 4.75096
412 4.75259
413 4.75537
414 4.73201
415 4.75741
416 4.76033
417 4.79008
418 4.75333
419 4.75993
420 4.76245
421 4.74893
422 4.7599
423 4.77921
424 4.75695
425 4.76163
426 4.77283
427 4.78094
428 4.77378
429 4.79404
430 4.7942
431 4.81431
432 4.78207
433 4.78104
434 4.79323
435 4.79489
436 4.79972
437 4.79365
438 4.7864
439 4.80655
440 4.80294
441 4.76724
442 4.77323
443 4.7699
444 4.7526
445 4.75623
446 4.7695
447 4.74695
448 4.79371
449 4.76994
450 4.77912
451 4.73243
452 4.73392
453 4.77045
454 4.79764
455 4.7585
456 4.7839
457 4.78925
458 4.76382
459 4.75377
460 4.73666
461 4.7395
462 4.77726
463 4.76077
464 4.7782
465 4.74426
466 4.74979
467 4.75123
468 4.77118
469 4.76522
470 4.77887
471 4.76077
472 4.76153
473 4.75859
474 4.77388
475 4.74504
476 4.76857
477 4.75472
478 4.77567
479 4.76637
480 4.78446
481 4.761
482 4.74905
483 4.78228
484 4.76583
485 4.76152
486 4.76795
487 4.7492
488 4.75825
489 4.75118
490 4.7634
491 4.76896
492 4.77383
493 4.77309
494 4.78954
495 4.79165
496 4.77298
497 4.78279
498 4.7931
499 4.75713
