0 13.4427
1 11.9755
2 10.7795
3 10.7277
4 10.0774
5 9.04828
6 9.04828
7 8.74871
8 8.43175
9 8.16221
10 7.88627
11 7.57285
12 7.53792
13 7.52977
14 7.17882
15 7.17882
16 7.17882
17 7.10412
18 7.10412
19 7.10412
20 7.10412
21 6.86954
22 6.86954
23 6.81832
24 6.77862
25 6.54404
26 6.43396
27 6.38908
28 6.38908
29 6.38908
30 6.3074
31 6.3074
32 6.24013
33 6.15844
34 6.10009
35 6.06039
36 6.06039
37 6.06039
38 6.04996
39 6.04996
40 6.02972
41 5.88829
42 5.88829
43 5.88829
44 5.88829
45 5.88829
46 5.88829
47 5.83839
48 5.83839
49 5.83839
50 5.83839
51 5.83839
52 5.83839
53 5.81826
54 5.81826
55 5.81826
56 5.81826
57 5.81826
58 5.81826
59 5.81826
60 5.81826
61 5.81826
62 5.81826
63 5.81826
64 5.78983
65 5.71215
66 5.71215
67 5.68372
68 5.68372
69 5.68372
70 5.68098
71 5.68098
72 5.68098
73 5.67784
74 5.64536
75 5.64536
76 5.53072
77 5.53072
78 5.53072
79 5.53072
80 5.53072
81 5.49658
82 5.49658
83 5.49658
84 5.49658
85 5.49658
86 5.49658
87 5.36685
88 5.36685
89 5.36685
90 5.36685
91 5.36685
92 5.36685
93 5.36685
94 5.36685
95 5.36685
96 5.36685
97 5.36685
98 5.36685
99 5.23781
100 5.23781
101 5.13921
102 5.13921
103 5.13921
104 5.13921
105 5.00469
106 5.00469
107 5.00469
108 5.00469
109 5.00469
110 5.00469
111 5.00469
112 5.00469
113 5.00469
114 5.00469
115 5.00469
116 5.00469
117 5.00469
118 5.00469
119 5.00469
120 5.00469
121 5.00469
122 5.00469
123 5.00469
124 5.00469
125 5.00469
126 5.00469
127 5.00469
128 5.00469
129 5.00469
130 5.00469
131 5.00469
132 5.00469
133 5.00469
134 5.00469
135 5.00469
136 5.00469
137 5.00469
138 5.00469
139 5.00469
140 5.00469
141 5.00469
142 5.00469
143 5.00469
144 5.00469
145 5.00469
146 5.00469
147 5.00469
148 5.00469
149 5.00469
150 5.00469
151 4.68712
152 4.68712
153 4.68712
154 4.68712
155 4.68712
156 4.68712
157 4.68712
158 4.68712
159 4.68712
160 4.68712
161 4.68712
162 4.68712
163 4.68712
164 4.68712
165 4.68712
166 4.68712
167 4.68712
168 4.68712
169 4.68712
170 4.68712
171 4.68712
172 4.68712
173 4.68712
174 4.68712
175 4.68712
176 4.68712
177 4.68712
178 4.68712
179 4.68712
180 4.68712
181 4.68712
182 4.68712
183 4.68712
184 4.68712
185 4.68712
186 4.68712
187 4.68712
188 4.68712
189 4.68712
190 4.68712
191 4.68712
192 4.68712
193 4.68712
194 4.68712
195 4.68712
196 4.68712
197 4.68712
198 4.68712
199 4.68712
200 4.68712
201 4.68712
202 4.68712
203 4.68712
204 4.68712
205 4.68712
206 4.68712
207 4.68712
208 4.68712
209 4.68712
210 4.68712
211 4.68712
212 4.68712
213 4.68712
214 4.68712
215 4.68712
216 4.68712
217 4.68712
218 4.68712
219 4.68712
220 4.68712
221 4.68712
222 4.68712
223 4.68712
224 4.68712
225 4.68712
226 4.68712
227 4.68712
228 4.68712
229 4.68712
230 4.68712
231 4.68712
232 4.68712
233 4.68712
234 4.68712
235 4.68712
236 4.68712
237 4.68712
238 4.68712
239 4.68712
240 4.68712
241 4.68712
242 4.68712
243 4.68712
244 4.68712
245 4.68712
246 4.68712
247 4.68712
248 4.68712
249 4.68712
250 4.68712
251 4.68712
252 4.68712
253 4.68712
254 4.68712
255 4.68712
256 4.68712
257 4.68712
258 4.68712
259 4.68712
260 4.68712
261 4.68712
262 4.68712
263 4.68712
264 4.68712
265 4.68712
266 4.68712
267 4.68712
268 4.68712
269 4.68712
270 4.68712
271 4.68712
272 4.68712
273 4.68712
274 4.68712
275 4.68712
276 4.68712
277 4.68712
278 4.68712
279 4.68712
280 4.68712
281 4.68712
282 4.68712
283 4.68712
284 4.68712
285 4.68712
286 4.68712
287 4.68712
288 4.68712
289 4.68712
290 4.68712
291 4.68712
292 4.68712
293 4.68712
294 4.68712
295 4.68712
296 4.68712
297 4.68712
298 4.68712
299 4.68712
300 4.68712
301 4.68712
302 4.68712
303 4.68712
304 4.68712
305 4.68712
306 4.68712
307 4.68712
308 4.68712
309 4.68712
310 4.68712
311 4.68712
312 4.68712
313 4.68712
314 4.68712
315 4.68712
316 4.68712
317 4.68712
318 4.68712
319 4.68712
320 4.68712
321 4.68712
322 4.68712
323 4.68712
324 4.68712
325 4.68712
326 4.68712
327 4.68712
328 4.68712
329 4.68712
330 4.68712
331 4.68712
332 4.68712
333 4.68712
334 4.68712
335 4.68712
336 4.68712
337 4.68712
338 4.68712
339 4.68712
340 4.68712
341 4.68712
342 4.68712
343 4.68712
344 4.68712
345 4.68712
346 4.68712
347 4.68712
348 4.68712
349 4.68712
350 4.68712
351 4.68712
352 4.68712
353 4.68712
354 4.68712
355 4.68712
356 4.68712
357 4.68712
358 4.68712
359 4.68712
360 4.68712
361 4.68712
362 4.68712
363 4.68712
364 4.68712
365 4.68712
366 4.68712
367 4.68712
368 4.68712
369 4.68712
370 4.68712
371 4.68712
372 4.68712
373 4.68712
374 4.68712
375 4.68712
376 4.68712
377 4.68712
378 4.68712
379 4.68712
380 4.68712
381 4.68712
382 4.68712
383 4.68712
384 4.68712
385 4.68712
386 4.68712
387 4.68712
388 4.68712
389 4.68712
390 4.68712
391 4.68712
392 4.68712
393 4.68712
394 4.68712
395 4.68712
396 4.68712
397 4.68712
398 4.68712
399 4.68712
400 4.68712
401 4.68712
402 4.68712
403 4.68712
404 4.68712
405 4.68712
406 4.68712
407 4.68712
408 4.68712
409 4.68712
410 4.68712
411 4.68712
412 4.68712
413 4.68712
414 4.68712
415 4.68712
416 4.68712
417 4.68712
418 4.68712
419 4.68712
420 4.68712
421 4.68712
422 4.68712
423 4.68712
424 4.68712
425 4.68712
426 4.68712
427 4.68712
428 4.68712
429 4.68712
430 4.68712
431 4.68712
432 4.68712
433 4.68712
434 4.68712
435 4.68712
436 4.68712
437 4.68712
438 4.68712
439 4.68712
440 4.68712
441 4.68712
442 4.68712
443 4.68712
444 4.68712
445 4.68712
446 4.68712
447 4.68712
448 4.68712
449 4.68712
450 4.68712
451 4.68712
452 4.68712
453 4.68712
454 4.68712
455 4.68712
456 4.68712
457 4.68712
458 4.68712
459 4.68712
460 4.68712
461 4.68712
462 4.68712
463 4.68712
464 4.68712
465 4.68712
466 4.68712
467 4.68712
468 4.68712
469 4.68712
470 4.68712
471 4.68712
472 4.68712
473 4.68712
474 4.68712
475 4.68712
476 4.68712
477 4.68712
478 4.68712
479 4.68712
480 4.68712
481 4.68712
482 4.68712
483 4.68712
484 4.68712
485 4.68712
486 4.68712
487 4.68712
488 4.68712
489 4.68712
490 4.68712
491 4.68712
492 4.68712
493 4.68712
494 4.68712
495 4.68712
496 4.68712
497 4.68712
498 4.68712
499 4.68712
