0 16.4206
1 15.528
2 14.419
3 13.4067
4 12.3789
5 11.566
6 10.9568
7 10.3275
8 9.79063
9 9.3485
10 8.94441
11 8.65157
12 8.33655
13 8.14143
14 7.96076
15 7.84293
16 7.73756
17 7.62044
18 7.45694
19 7.33697
20 7.25641
21 7.2031
22 7.1556
23 7.09363
24 7.03469
25 6.94367
26 6.8384
27 6.72076
28 6.6145
29 6.54614
30 6.47819
31 6.42895
32 6.39744
33 6.35646
34 6.32141
35 6.27135
36 6.20634
37 6.16105
38 6.1209
39 6.09814
40 6.0776
41 6.0624
42 6.06795
43 6.0789
44 6.05261
45 5.98048
46 5.93971
47 5.91081
48 5.9173
49 5.89972
50 5.88985
51 5.88427
52 5.85139
53 5.84232
54 5.84126
55 5.84835
56 5.91778
57 5.98085
58 6.01968
59 5.96825
60 5.92712
61 5.92528
62 5.90335
63 5.86188
64 5.82668
65 5.81652
66 5.80969
67 5.82141
68 5.87757
69 5.92395
70 5.89324
71 5.85281
72 5.79133
73 5.75324
74 5.73789
75 5.7021
76 5.6891
77 5.66139
78 5.61797
79 5.59027
80 5.55698
81 5.55165
82 5.5355
83 5.53399
84 5.52406
85 5.52979
86 5.51483
87 5.50551
88 5.4926
89 5.47416
90 5.44099
91 5.41716
92 5.40133
93 5.39182
94 5.39024
95 5.38926
96 5.36896
97 5.36951
98 5.36685
99 5.36642
100 5.3604
101 5.33921
102 5.30669
103 5.26639
104 5.22659
105 5.19219
106 5.1633
107 5.12783
108 5.10589
109 5.07705
110 5.06026
111 5.03227
112 5.01955
113 5.00764
114 5.00469
115 5.00625
116 5.00605
117 5.0058
118 5.00474
119 5.00967
120 5.00703
121 5.00843
122 5.01245
123 5.00974
124 5.0123
125 5.00469
126 5.00469
127 5.00469
128 5.0105
129 5.00527
130 5.00469
131 5.00469
132 5.01132
133 5.0083
134 5.00606
135 5.0073
136 5.00568
137 5.00569
138 5.00469
139 5.00469
140 5.00469
141 5.00469
142 5.00469
143 5.00469
144 5.00469
145 5.0047
146 5.0098
147 5.00469
148 5.00469
149 5.00469
150 5.00469
151 4.99607
152 4.98481
153 4.99198
154 4.99416
155 4.91103
156 4.8732
157 4.83784
158 4.78566
159 4.72837
160 4.71529
161 4.68854
162 4.69094
163 4.68998
164 4.68917
165 4.68712
166 4.68712
167 4.68728
168 4.68723
169 4.68712
170 4.68712
171 4.68712
172 4.69152
173 4.69028
174 4.68735
175 4.68743
176 4.68712
177 4.68973
178 4.68712
179 4.68712
180 4.68712
181 4.69071
182 4.68808
183 4.68712
184 4.68712
185 4.68712
186 4.68712
187 4.68712
188 4.68773
189 4.68806
190 4.68712
191 4.68712
192 4.68712
193 4.68712
194 4.68712
195 4.68927
196 4.68712
197 4.6872
198 4.68712
199 4.68712
200 4.68712
201 4.68712
202 4.68712
203 4.68712
204 4.68712
205 4.68712
206 4.68712
207 4.69612
208 4.68712
209 4.68712
210 4.68712
211 4.68712
212 4.68712
213 4.68712
214 4.68712
215 4.68712
216 4.68712
217 4.68712
218 4.68712
219 4.68712
220 4.68712
221 4.68712
222 4.68712
223 4.68712
224 4.68712
225 4.68886
226 4.68712
227 4.68712
228 4.68712
229 4.68712
230 4.68712
231 4.68766
232 4.68799
233 4.68712
234 4.6874
235 4.69415
236 4.68795
237 4.68735
238 4.68712
239 4.68712
240 4.69117
241 4.69137
242 4.68761
243 4.68712
244 4.68869
245 4.68835
246 4.6891
247 4.68727
248 4.68994
249 4.68879
250 4.68903
251 4.68722
252 4.68794
253 4.68772
254 4.68722
255 4.68712
256 4.68725
257 4.6872
258 4.68892
259 4.6907
260 4.68988
261 4.68712
262 4.68712
263 4.69116
264 4.68966
265 4.6872
266 4.68722
267 4.68746
268 4.68832
269 4.6902
270 4.68712
271 4.68712
272 4.68712
273 4.68712
274 4.68712
275 4.68712
276 4.68712
277 4.68712
278 4.68712
279 4.68712
280 4.68743
281 4.68718
282 4.68712
283 4.68712
284 4.68712
285 4.68712
286 4.68712
287 4.68712
288 4.68712
289 4.68712
290 4.68712
291 4.68712
292 4.6872
293 4.69179
294 4.68855
295 4.69027
296 4.68827
297 4.68775
298 4.68712
299 4.68733
300 4.69416
301 4.68712
302 4.68811
303 4.68712
304 4.68893
305 4.68712
306 4.69152
307 4.68712
308 4.68712
309 4.68712
310 4.68712
311 4.68712
312 4.68712
313 4.68712
314 4.68712
315 4.68712
316 4.68712
317 4.68712
318 4.68712
319 4.68712
320 4.68712
321 4.68712
322 4.68712
323 4.68712
324 4.68712
325 4.6872
326 4.68712
327 4.68838
328 4.68728
329 4.68712
330 4.68712
331 4.68712
332 4.68712
333 4.68712
334 4.68712
335 4.68712
336 4.68712
337 4.68712
338 4.68712
339 4.68712
340 4.68742
341 4.6886
342 4.6963
343 4.68842
344 4.69241
345 4.68742
346 4.68727
347 4.68712
348 4.68712
349 4.68859
350 4.68712
351 4.68712
352 4.68712
353 4.68712
354 4.68712
355 4.68712
356 4.68712
357 4.68712
358 4.68712
359 4.68712
360 4.68712
361 4.68723
362 4.68712
363 4.68712
364 4.68712
365 4.68712
366 4.68712
367 4.68712
368 4.68712
369 4.68712
370 4.68712
371 4.68712
372 4.68712
373 4.68712
374 4.68712
375 4.68712
376 4.68712
377 4.68712
378 4.68712
379 4.68712
380 4.68712
381 4.68735
382 4.68728
383 4.68712
384 4.68712
385 4.68712
386 4.68712
387 4.68728
388 4.68933
389 4.68712
390 4.68712
391 4.68712
392 4.68712
393 4.68712
394 4.68712
395 4.68712
396 4.68712
397 4.68712
398 4.68712
399 4.68712
400 4.68712
401 4.68712
402 4.68712
403 4.68712
404 4.68712
405 4.68712
406 4.68712
407 4.68712
408 4.68712
409 4.68712
410 4.68712
411 4.68712
412 4.68712
413 4.68923
414 4.69242
415 4.68992
416 4.68853
417 4.69114
418 4.68712
419 4.68712
420 4.68712
421 4.68808
422 4.6872
423 4.68712
424 4.68712
425 4.68712
426 4.68739
427 4.69013
428 4.68712
429 4.68712
430 4.68712
431 4.68712
432 4.68712
433 4.68743
434 4.68735
435 4.70104
436 4.69112
437 4.68712
438 4.68712
439 4.6875
440 4.68853
441 4.6875
442 4.68712
443 4.68712
444 4.6872
445 4.68814
446 4.68809
447 4.68861
448 4.70482
449 4.70155
450 4.69165
451 4.69427
452 4.68954
453 4.68784
454 4.68712
455 4.68712
456 4.68712
457 4.68712
458 4.68712
459 4.68712
460 4.68712
461 4.68809
462 4.68996
463 4.68712
464 4.69289
465 4.68794
466 4.68878
467 4.68712
468 4.6873
469 4.68868
470 4.69442
471 4.69254
472 4.68722
473 4.68712
474 4.68766
475 4.68784
476 4.69125
477 4.69209
478 4.69217
479 4.6947
480 4.6883
481 4.68842
482 4.69057
483 4.68797
484 4.68712
485 4.68712
486 4.68712
487 4.68712
488 4.68712
489 4.68712
490 4.69145
491 4.68957
492 4.68712
493 4.68712
494 4.68767
495 4.69223
496 4.68712
497 4.68811
498 4.68712
499 4.68712
