1 0.122649 0.416871
30 0.595843 0.224727
25 0.139253 0.113253
18 0.142158 0.122696
2 0.715497 0.836813
4 0.348854 0.335189
1212 0.132066 0.390263
9 0.209379 0.281683
20 0.643112 0.758748
13 0.667421 0.761679116 0.4785 0.487275
11 0.0445765 0.382106
29 0.836697 0.617816
21 0.330575 0.953747
19 0.393371 0.305099
17 0.30914 0.496849
6 0.452231 0.275218
14 0.121514 0.888571
26 0.609482 0.23892
5 0.312395 0.418159
23 0.60179 0.408124
8 0.181236 0.0823031
32 0.656387 0.794738
3 0.806001 0.466681
27 0.325739 0.679508
7 0.645848 0.223191
28 0.70543 0.872143
31 0.204638 0.470706
10 0.611215 0.260441
22 0.298616 0.172341
24 0.238894 0.947084
15 0.0985951 0.774231
.276618
