3.13362 9.81956 0
3.1435 9.88168 0.00988149
3.15212 9.93609 0.0103403
3.15333 9.94368 0.00741122
3.14611 9.89834 0.00922823
3.14409 9.88562 0.00779993
3.13793 9.8471 0.00902272
3.13927 9.85543 0.0079272
3.14199 9.87254 0.007502
3.14838 9.91309 0.00927018
3.14794 9.91021 0.00839709
3.14859 9.91427 0.00769319
3.14786 9.90964 0.00711405
3.14843 9.91316 0.00661051
3.14836 9.9127 0.00615441
3.14937 9.91906 0.00584525
3.15064 9.92706 0.00563585
3.14797 9.91031 0.00594854
3.14658 9.90154 0.00579679
3.1455 9.89474 0.00560413
3.1458 9.8966 0.00533901
3.14629 9.89966 0.00511403
3.14678 9.90278 0.00491203
3.14759 9.90786 0.0047717
3.14717 9.90521 0.00459585
3.14686 9.90325 0.00442639
3.1468 9.90281 0.00425982
3.14685 9.90311 0.00410518
3.1465 9.90091 0.00397633
3.14552 9.89478 0.00396366
3.14598 9.89766 0.00386106
3.14589 9.89707 0.00373957
3.14503 9.89169 0.00372452
3.14631 9.89975 0.00383151
3.14522 9.89294 0.00387575
3.14494 9.89118 0.00377685
3.14395 9.88497 0.00380457
3.1435 9.88208 0.00373127
3.14356 9.88245 0.00363483
3.14385 9.8843 0.00355509
3.14382 9.8841 0.00346741
3.14494 9.89118 0.00356399
3.14481 9.89032 0.00348275
3.14499 9.89148 0.00340774
3.14462 9.88911 0.00335217
3.1443 9.88712 0.00329367
3.14518 9.89266 0.00334005
3.14583 9.89679 0.00333469
3.14572 9.89607 0.00326787
3.14579 9.89653 0.0032027
3.14665 9.90196 0.0032546
3.1463 9.89976 0.00321039
3.14674 9.9025 0.00317917
3.14689 9.90345 0.00312346
3.14641 9.90041 0.00310398
3.14688 9.90336 0.00308369
3.14745 9.90696 0.00308253
3.14768 9.90842 0.00303786
3.14768 9.90843 0.00298592
3.14664 9.9019 0.00311667
3.14568 9.89593 0.00321075
3.14573 9.89622 0.00315889
3.14547 9.89457 0.00311926
3.14474 9.88999 0.00315605
3.14461 9.88918 0.00310978
3.1449 9.89104 0.00307659
3.14518 9.89276 0.00304281
3.14513 9.89245 0.00299812
3.14484 9.89061 0.00296872
3.14551 9.89488 0.00300267
3.1453 9.89354 0.00296764
3.14555 9.89511 0.00293686
3.14571 9.89612 0.00290086
3.14573 9.89619 0.00286142
3.1465 9.90111 0.00292761
3.14616 9.89894 0.00290931
3.14608 9.89846 0.00287228
3.14588 9.89719 0.00284226
3.14628 9.89968 0.00283361
3.14662 9.90184 0.00281903
3.1463 9.89986 0.00280179
3.14633 9.90003 0.00276755
3.14637 9.90026 0.00273425
3.14607 9.89836 0.00271821
3.14584 9.89695 0.00269544
3.14565 9.89573 0.00267084
3.14524 9.89315 0.00267187
3.14528 9.89341 0.00264168
3.14532 9.89364 0.00261209
3.14538 9.894 0.00258357
3.14524 9.89311 0.00255898
3.14537 9.89396 0.00253467
3.1454 9.89414 0.00250745
3.14527 9.8933 0.00248424
3.14534 9.89372 0.00245891
3.14548 9.89464 0.00243754
3.14518 9.89271 0.0024318
3.14529 9.89338 0.00240929
3.14486 9.8907 0.00242297
3.14462 9.88923 0.00240997
3.14434 9.88748 0.00240226
3.14424 9.88681 0.00238092
3.14399 9.88523 0.00237103
3.14403 9.88551 0.00234854
3.14438 9.88768 0.00235151
3.14416 9.8863 0.00233955
3.14403 9.88547 0.00232131
3.14408 9.88578 0.00230025
3.14406 9.88565 0.00227914
3.14341 9.88166 0.0023476
3.14339 9.8815 0.00232649
3.14332 9.88105 0.00230667
3.14327 9.88071 0.00228682
3.14312 9.8798 0.00227118
3.14332 9.88104 0.00225994
3.14316 9.88005 0.00224593
3.14277 9.87763 0.00226002
3.14254 9.87614 0.00225322
3.14249 9.87583 0.00223473
3.14257 9.87636 0.00221763
3.14251 9.87593 0.00220026
3.1426 9.87651 0.0021841
3.14282 9.8779 0.00217751
3.14273 9.87735 0.00216163
3.14261 9.87657 0.00214779
3.14244 9.87548 0.00213776
3.14223 9.87421 0.00213043
3.1423 9.87464 0.00211483
3.14225 9.8743 0.00209902
3.14224 9.87421 0.00208286
3.14213 9.87353 0.0020697
3.14254 9.87611 0.00209429
3.1426 9.87653 0.00207955
3.14242 9.87537 0.00207213
3.14243 9.87544 0.00205675
3.14234 9.87486 0.00204359
3.1428 9.87777 0.00207974
3.14292 9.87854 0.00206827
3.14286 9.87817 0.00205417
3.14274 9.87742 0.00204293
3.14247 9.87573 0.00204614
3.14256 9.87628 0.00203359
3.14266 9.87691 0.00202183
3.14256 9.87629 0.00201014
3.14251 9.87595 0.00199694
3.14242 9.87536 0.00198541
3.14217 9.87383 0.00198705
3.14231 9.87471 0.00197857
3.14204 9.87302 0.00198367
3.14212 9.87349 0.00197185
3.14203 9.87291 0.00196094
3.14186 9.87185 0.00195526
3.14193 9.8723 0.0019438
3.14187 9.87195 0.00193196
3.14175 9.87115 0.00192362
3.14185 9.87176 0.00191374
3.14196 9.87251 0.00190524
3.14172 9.87099 0.0019086
3.14134 9.8686 0.00193498
3.1416 9.87025 0.00194048
3.14163 9.87041 0.00192857
3.14149 9.86954 0.00192164
3.14161 9.87033 0.00191402
3.14153 9.86981 0.00190409
3.14146 9.86934 0.00189397
3.14129 9.86829 0.00188993
3.14132 9.86846 0.00187877
3.14117 9.86752 0.00187361
3.14111 9.86715 0.00186341
3.14104 9.86674 0.00185355
3.14093 9.86604 0.00184595
3.14093 9.86602 0.00183519
3.141 9.86644 0.00182579
3.14127 9.86819 0.00183627
3.14151 9.86968 0.00184102
3.14141 9.86905 0.00183328
3.14165 9.87058 0.00183894
3.14163 9.87042 0.00182875
3.14164 9.87048 0.00181853
3.14162 9.87037 0.00180847
3.14179 9.87144 0.00180637
3.14178 9.87134 0.00179647
3.14174 9.8711 0.00178704
3.14193 9.87228 0.00178715
3.14201 9.87279 0.00177932
3.14208 9.87324 0.00177119
3.14219 9.87397 0.0017655
3.14231 9.87471 0.00176011
3.1422 9.87399 0.0017545
3.14214 9.87362 0.00174626
3.14223 9.87418 0.00173943
3.14225 9.87428 0.00173042
3.1425 9.87587 0.00173973
3.14265 9.87681 0.00173713
3.14273 9.87735 0.00173032
3.1426 9.87652 0.00172654
3.14243 9.87545 0.00172617
3.14253 9.87605 0.00172009
3.14252 9.876 0.00171144
3.14224 9.87426 0.00172549
