1.49886
1.49485
1.48768
1.47682
1.46159
1.44104
1.41397
1.37902
1.33485
1.28038
1.21523
1.14026
1.05802
0.973004
0.891059
0.818226
0.759417
0.717529
0.693047
0.684264
0.687909
0.699958
0.716478
0.734227
0.750962
0.765526
0.777706
0.787901
0.796756
0.804807
0.812241
0.818813
0.824007
0.827338
0.828633
0.828206
0.826807
0.825327
0.824613
0.825339
0.8279
0.832297
0.838025
0.844164
0.849655
0.853613
0.855622
0.855889
0.855091
0.854125
0.853687
0.854116
0.855388
0.857239
0.859323
0.861305
0.862846
0.863531
0.862922
0.860663
0.856622
0.851069
0.844815
0.839143
0.835356
0.833971
0.834234
0.834483
0.833095
0.829299
0.823431
0.816732
0.810854
0.807346
0.807227
0.810739
0.817362
0.826068
0.835655
0.845088
0.853706
0.861211
0.867496
0.872421
0.875705
0.877003
0.876055
0.872764
0.867251
0.859885
0.851207
0.841853
0.832457
0.823544
0.815414
0.808201
0.801957
0.796748
0.792701
0.789907
0.78831
0.787783
0.788243
0.789686
0.792141
0.795624
0.800177
0.805981
0.813386
0.822779
0.834281
0.84747
0.861245
0.87397
0.883955
0.889892
0.891129
0.88764
0.879936
0.868878
0.855556
0.841172
0.826912
0.813843
0.802769
0.794211
0.7884
0.785308
0.784775
0.786567
0.790393
0.795884
0.802575
0.809915
0.817196
0.823636
0.828408
0.830741
0.830012
0.825932
0.81873
0.809364
0.799614
0.791752
0.787804
0.788669
0.793878
0.801982
0.811154
0.819677
0.826265
0.830139
0.831008
0.828973
0.824406
0.817891
0.810173
0.802111
0.794635
0.788536
0.784319
0.782117
0.781752
0.782873
0.78508
0.787969
0.791177
0.794368
0.79724
0.799603
0.801322
0.802318
0.802522
0.801869
0.800223
0.797346
0.79295
0.786867
0.779239
0.7707
0.762364
0.755685
0.752213
0.753211
0.759186
0.76952
0.782528
0.796014
0.808029
0.817316
0.823284
0.825711
0.824363
0.819031
0.809719
0.796955
0.781894
0.766231
0.751875
0.740529
0.733149
0.729648
0.729037
0.729999
0.731564
0.733479
0.736022
0.739536
0.743903
0.748305
0.751441
0.752035
0.749495
0.744441
0.73876
0.735048
0.735639
0.741686
0.752849
0.767661
0.784087
0.800081
0.814029
0.824953
0.832507
0.836805
0.838178
0.837012
0.833647
0.828438
0.821974
0.815241
0.809538
0.805975
0.804751
0.804913
0.804926
0.803506
0.800194
0.795374
0.790017
0.785374
0.782649
0.782713
0.785845
0.791631
0.799076
0.806844
0.813606
0.818383
0.820873
0.821606
0.821694
0.822268
0.823886
0.826293
0.828645
0.829898
0.829165
0.825938
0.820212
0.812612
0.804276
0.796683
0.791422
0.789906
0.793105
0.801239
0.813591
0.828562
0.844035
0.857934
0.868698
0.875464
0.878008
0.876598
0.871833
0.86455
0.855823
0.846915
0.839229
0.83412
0.832518
0.834664
0.839955
0.84711
0.85456
0.860931
0.865308
0.867351
0.867265
0.865725
0.863734
0.862415
0.862664
0.864793
0.86842
0.872677
0.876614
0.87954
0.881149
0.881499
0.880861
0.879552
0.87779
0.875607
0.872866
0.869365
0.864968
0.859702
0.853846
0.847898
0.842409
0.837817
0.834234
0.831417
0.828916
0.82628
0.823257
0.819922
0.816581
0.813564
0.811073
0.809114
0.807521
0.806134
0.804857
0.803653
0.802769
0.802886
0.804978
0.809809
0.817342
0.826649
0.836418
0.84551
0.853224
0.859265
0.863587
0.866238
0.867172
0.866252
0.863256
0.857985
0.850354
0.840658
0.829594
0.818037
0.806585
0.795159
0.783189
0.770262
0.756679
0.743518
0.732115
0.723431
0.717725
0.714693
0.713809
0.714525
0.716358
0.718902
0.721994
0.725937
0.731464
0.739307
0.749608
0.761766
0.774783
0.787765
0.800098
0.811364
0.821198
0.829168
0.83484
0.837941
0.838508
0.836958
0.834101
0.830954
0.828464
0.827146
0.82697
0.827431
0.827857
0.827653
0.82642
0.82392
0.819984
0.814484
0.807373
0.798785
0.789138
0.779288
0.770514
0.764299
0.761825
0.763439
0.7685
0.775711
0.783607
0.790969
0.79691
0.80073
0.801835
0.799757
0.794364
0.786113
0.776209
0.766482
0.759065
0.755873
0.758111
0.765917
0.778229
0.793077
0.808217
0.821661
0.832017
0.83858
0.841193
0.840188
0.836316
0.830548
0.823871
0.817077
0.810665
0.804883
0.799878
0.795794
0.792823
0.791223
0.791245
0.793067
0.796653
0.801569
0.806911
0.811423
0.813728
0.812604
0.80738
0.798386
0.787369
0.777353
0.77148
0.771388
0.776491
0.784633
0.793282
0.800356
0.804476
0.805002
0.801957
0.795984
0.788229
0.780159
0.773158
0.768172
0.765483
0.764737
0.765223
0.766365
0.768046
0.770527
0.77393
0.777716
0.780798
0.782097
0.781049
0.777805
0.773056
0.767718
0.762569
0.75808
0.754408
0.751567
0.749639
0.748909
0.74976
0.752388
0.756583
0.761717
0.767045
0.771999
0.77638
0.780364
0.784308
0.788454
0.792808
0.797093
0.800841
0.803569
0.804936
0.804825
0.803411
0.801181
0.798797
0.796957
0.796209
0.79681
0.798671
0.801366
0.804231
0.806511
0.807498
0.806696
0.803848
0.798991
0.792375
0.784445
0.775772
0.767059
0.758988
0.752164
0.746971
0.743516
0.74163
0.740921
0.740883
0.74095
0.740678
0.739884
0.738731
0.73766
0.737189
0.737643
0.739093
0.741507
0.744953
0.749647
0.755738
0.763031
0.770909
0.778514
0.785021
0.789773
0.792419
0.79288
0.79139
0.788472
0.784868
0.781372
0.778701
0.777339
0.777458
0.778879
0.781188
0.78388
0.786517
0.788848
0.790741
0.79212
0.792933
0.793139
0.792798
0.792118
0.7914
0.790917
0.79081
0.790955
0.790974
0.790387
0.788835
0.786327
0.783353
0.780723
0.779185
0.779035
0.77996
0.781205
0.781952
0.781679
0.780357
0.77847
0.776788
0.776103
0.776984
0.779676
0.784085
0.78983
0.79629
0.802793
0.808838
0.8142
0.818865
0.822742
0.825523
0.826779
0.82622
0.823876
0.82007
0.815296
0.810036
0.804639
0.799262
0.793914
0.788511
0.782993
0.777464
0.772212
0.767681
0.764397
0.762849
0.763425
0.766277
0.771327
0.778286
0.786737
0.7962
0.806086
0.815646
0.824057
0.830548
0.834686
0.836547
0.836681
0.835902
0.834923
0.834073
0.833205
0.831771
0.829087
0.824613
0.818162
0.809946
0.800553
0.790818
0.781592
0.77353
0.766951
0.761817
0.757828
0.7546
0.751893
0.749766
0.74862
0.749186
0.752308
0.758644
0.768348
0.780893
0.79516
0.809717
0.823183
0.834549
0.843298
0.849367
0.853075
0.854996
0.855831
0.856309
0.857031
0.858329
0.860161
0.862161
0.863718
0.864194
0.86313
0.860399
0.8562
0.851027
0.845477
0.839972
0.834581
0.828912
0.822211
0.813631
0.802562
0.788931
0.77337
0.757183
0.742162
0.730258
0.72317
0.721912
0.726602
0.736431
0.749836
0.764821
0.779273
0.791231
0.799154
0.802198
0.800481
0.795231
0.788479
0.782463
0.77893
0.778928
0.782873
0.790581
0.801125
0.812927
0.824307
0.833973
0.841265
0.846035
0.848521
0.849187
0.84862
0.847365
0.845858
0.844359
0.842958
0.841587
0.840031
0.837958
0.834967
0.830688
0.824866
0.817505
0.808981
0.800077
0.791865
0.785461
0.781661
0.780647
0.781918
0.78449
0.78725
0.78929
0.790131
0.789697
0.788167
0.785764
0.782567
0.778455
0.773191
0.766603
0.758904
0.750922
0.744149
0.74033
0.740791
0.745807
0.754511
0.765289
0.776251
0.785707
0.792435
0.79583
0.796024
0.793885
0.791003
0.78942
0.790943
0.796329
0.80496
0.815308
0.825724
0.835078
0.842898
0.849236
0.85444
0.858965
0.863228
0.867412
0.871328
0.874349
0.87565
0.874602
0.871102
0.865712
0.859477
0.853512
0.848632
0.845243
0.843497
0.843424
0.844898
0.847604
0.851025
0.85455
0.857583
0.85965
0.860396
0.859587
0.85703
0.852603
0.846282
0.838184
0.828647
0.818305
0.808111
0.799257
0.792937
0.790085
0.791113
0.795782
0.803235
0.812176
0.821186
0.828969
0.834511
0.837199
0.836894
0.833882
0.828827
0.822599
0.816132
0.810267
0.805717
0.803005
0.80234
0.803558
0.8062
0.809666
0.8134
0.816986
0.820069
0.822274
0.823203
0.822486
0.819874
0.815332
0.809067
0.801633
0.793974
0.787284
0.782752
0.781199
0.782775
0.786834
0.792119
0.797142
0.800623
0.801742
0.800316
0.796761
0.791954
0.787006
0.783008
0.780723
0.780367
0.781507
0.783168
0.784163
0.783474
0.780618
0.775788
0.76987
0.764193
0.760152
0.758827
0.760621
0.765219
0.771673
0.778684
0.784881
0.789048
0.790261
0.78806
0.78258
0.774595
0.765435
0.756732
0.750042
0.746492
0.746598
0.750163
0.756373
0.764071
0.772067
0.779489
0.78594
0.791543
0.796744
0.802038
0.807695
0.813582
0.819186
0.823843
0.827125
0.829175
0.830765
0.832871
0.83594
0.839515
0.842506
0.843922
0.843392
0.841222
0.838186
0.835088
0.832372
0.829918
0.827039
0.822787
0.816368
0.807446
0.796263
0.783488
0.769927
0.756379
0.743679
0.732775
0.724647
0.72008
0.719481
0.722801
0.729464
0.738406
0.748251
0.757703
0.765971
0.772997
0.779341
0.785754
0.79267
0.799976
0.807139
0.813487
0.818519
0.822015
0.824037
0.824875
0.824931
0.824516
0.82383
0.82287
0.821557
0.819885
0.817979
0.816096
0.814448
0.813035
0.811579
0.809615
0.806783
0.803084
0.798983
0.795281
0.792795
0.792042
0.793118
0.795703
0.799211
0.802846
0.805749
0.807246
0.807105
0.805601
0.803462
0.801665
0.801085
0.80221
0.804979
0.808807
0.81279
0.816004
0.817749
0.81765
0.815545
0.811344
0.804983
0.796604
0.786752
0.776489
0.767273
0.760578
0.75739
0.757886
0.761506
0.767261
0.7742
0.78157
0.788705
0.794845
0.799081
0.800588
0.798874
0.793893
0.786025
0.775949
0.764431
0.752266
0.740241
0.729107
0.71952
0.712095
0.707489
0.706527
0.710205
0.719415
0.734539
0.755124
0.779762
0.806266
0.832056
0.854726
0.872488
0.884364
0.890198
0.890471
0.886098
0.878251
0.868214
0.857256
0.846542
0.837013
1.48689
1.46749
1.44216
1.41102
1.37475
1.33512
1.29537
1.26009
1.23408
1.22051
1.21979
1.2296
1.24584
1.26368
1.27844
1.28672
1.28719
1.28065
1.26887
1.2534
1.23537
1.21629
1.19842
1.18403
1.17414
1.16796
1.1637
1.16026
1.15856
1.16128
1.17097
1.18761
1.20835
1.22945
1.24826
1.26373
1.27543
1.28295
1.2862
1.28619
1.28488
1.28383
1.2833
1.28263
1.28124
1.27931
1.27772
1.27775
1.28033
1.2853
1.29109
1.29517
1.29503
1.28933
1.27861
1.26521
1.25242
1.24297
1.23822
1.23802
1.24138
1.24732
1.25547
1.26592
1.27843
1.29197
1.30504
1.31624
1.32463
1.3297
1.33128
1.32945
1.3244
1.31633
1.30542
1.29193
1.27611
1.25835
1.23942
1.22076
1.20464
1.19365
1.18946
1.19165
1.19803
1.20608
1.21422
1.22199
1.22939
1.23601
1.24085
1.24253
1.23987
1.23221
1.21971
1.20346
1.18558
1.16912
1.15753
1.15346
1.15761
1.16826
1.1821
1.19543
1.20521
1.20946
1.20709
1.19782
1.18243
1.16333
1.14479
1.13171
1.12732
1.1317
1.1425
1.15676
1.17238
1.18854
1.20521
1.22212
1.23816
1.25139
1.25981
1.26223
1.25848
1.24927
1.23581
1.21955
1.20221
1.18567
1.17159
1.16083
1.15328
1.14819
1.14486
1.14302
1.14295
1.14524
1.15035
1.15828
1.16845
1.17973
1.19068
1.19989
1.2063
1.20936
1.20904
1.20579
1.20045
1.19408
1.18786
1.18296
1.18041
1.18085
1.18431
1.19026
1.19785
1.20615
1.21417
1.22101
1.22591
1.22842
1.2282
1.22447
1.21563
1.20004
1.17738
1.14982
1.12172
1.09821
1.0833
1.07868
1.08383
1.09681
1.11514
1.13628
1.15777
1.17731
1.19252
1.20114
1.20157
1.19389
1.18047
1.16564
1.15384
1.14765
1.14732
1.15162
1.15906
1.16788
1.17569
1.17993
1.17907
1.17349
1.16546
1.15841
1.15547
1.15834
1.16672
1.17847
1.19043
1.19923
1.20221
1.19832
1.189
1.17813
1.1702
1.1679
1.17098
1.17744
1.18518
1.19284
1.19967
1.20536
1.20978
1.21296
1.21518
1.21705
1.21903
1.22077
1.22122
1.21952
1.21593
1.21182
1.20875
1.20757
1.20795
1.2087
1.20847
1.20632
1.20188
1.1955
1.18814
1.18099
1.17477
1.16937
1.16491
1.16378
1.17058
1.18798
1.21281
1.23814
1.25804
1.2697
1.27304
1.26969
1.26217
1.25314
1.24448
1.2366
1.22869
1.21984
1.20998
1.19989
1.19054
1.18262
1.17649
1.17262
1.17197
1.17566
1.18446
1.19793
1.21379
1.22812
1.23695
1.23808
1.23191
1.22102
1.20914
1.2
1.19626
1.19892
1.20698
1.21785
1.22805
1.23431
1.23482
1.23048
1.22553
1.22589
1.23492
1.25012
1.26504
1.27402
1.27506
1.26978
1.26216
1.25705
1.25858
1.26845
1.28516
1.3046
1.32175
1.3322
1.33306
1.32331
1.30389
1.27762
1.24904
1.2234
1.2051
1.19632
1.19681
1.20462
1.21706
1.23142
1.24546
1.25758
1.26704
1.27375
1.278
1.28021
1.2808
1.28023
1.27903
1.27773
1.2766
1.2754
1.2733
1.26902
1.26121
1.24899
1.23285
1.21498
1.19898
1.18844
1.18528
1.18902
1.1975
1.20804
1.21814
1.22559
1.22852
1.22562
1.21661
1.20294
1.1883
1.17836
1.17894
1.19323
1.22018
1.25515
1.29202
1.32532
1.35136
1.36827
1.37574
1.37461
1.3664
1.3528
1.33509
1.31395
1.2895
1.26189
1.23176
1.20062
1.1707
1.14479
1.12541
1.11402
1.11044
1.11303
1.11963
1.12839
1.1381
1.14801
1.15755
1.1663
1.17418
1.1816
1.18958
1.19946
1.2126
1.22977
1.25081
1.2745
1.29881
1.32116
1.33881
1.3493
1.35097
1.34359
1.3285
1.30837
1.28649
1.26591
1.24859
1.23494
1.22404
1.21452
1.20564
1.19781
1.19212
1.18938
1.18935
1.1907
1.19169
1.191
1.18833
1.18422
1.17953
1.1748
1.17012
1.16539
1.16082
1.15705
1.15484
1.15433
1.15456
1.15371
1.15003
1.14257
1.13163
1.11862
1.10586
1.09635
1.09341
1.09994
1.11703
1.14305
1.174
1.20517
1.23267
1.25393
1.26744
1.27244
1.26895
1.25819
1.24299
1.22741
1.21515
1.20775
1.20414
1.202
1.19952
1.19629
1.19311
1.1911
1.19108
1.19323
1.19725
1.20268
1.20905
1.21574
1.22198
1.22694
1.22995
1.2308
1.22985
1.22808
1.22682
1.22715
1.22947
1.23314
1.23674
1.23851
1.23697
1.23144
1.22228
1.21075
1.19861
1.18767
1.17953
1.17555
1.17668
1.18309
1.19399
1.20777
1.22265
1.23718
1.25048
1.26208
1.27167
1.27883
1.28296
1.28338
1.27961
1.27156
1.2596
1.2445
1.22719
1.20877
1.19045
1.17345
1.15894
1.14788
1.14085
1.13794
1.13882
1.14276
1.14881
1.15597
1.16337
1.17027
1.17584
1.17895
1.17812
1.17192
1.15969
1.14204
1.12133
1.10125
1.08586
1.07789
1.07763
1.08307
1.09136
1.10059
1.11068
1.12314
1.13966
1.16051
1.18409
1.20795
1.22981
1.24791
1.26107
1.2689
1.2719
1.27151
1.26966
1.26801
1.26724
1.26693
1.26585
1.26268
1.25676
1.24856
1.23981
1.23289
1.22982
1.23112
1.23572
1.24154
1.24625
1.24789
1.24492
1.23652
1.22301
1.2061
1.18861
1.17355
1.16317
1.15859
1.16038
1.16909
1.18474
1.20548
1.22713
1.24444
1.25335
1.25257
1.24371
1.23039
1.21706
1.20765
1.20458
1.20811
1.21634
1.22607
1.2339
1.23763
1.23693
1.23318
1.22864
1.22529
1.22443
1.22713
1.23463
1.24795
1.26664
1.28817
1.30881
1.32512
1.33493
1.33731
1.33227
1.32061
1.30419
1.28603
1.26981
1.25806
1.25084
1.24646
1.24348
1.24165
1.24177
1.24477
1.25091
1.25912
1.26708
1.27191
1.27119
1.26364
1.24945
1.23029
1.2092
1.19013
1.17681
1.17124
1.17281
1.17902
1.18684
1.19364
1.19765
1.19807
1.19531
1.19065
1.18592
1.18301
1.18328
1.18693
1.19282
1.19913
1.20421
1.20724
1.20812
1.20719
1.20512
1.20286
1.20163
1.20217
1.20396
1.20508
1.20288
1.19555
1.18359
1.17061
1.16205
1.1617
1.16902
1.18019
1.19119
1.19981
1.20553
1.2087
1.20993
1.21001
1.20982
1.20977
1.20943
1.20779
1.20448
1.20067
1.19875
1.20087
1.20748
1.21705
1.2269
1.23436
1.23741
1.23482
1.2261
1.21146
1.19195
1.16995
1.14971
1.13714
1.13743
1.15141
1.17501
1.20254
1.22959
1.25347
1.27256
1.28579
1.2924
1.2919
1.2842
1.26983
1.25008
1.227
1.20323
1.18157
1.16416
1.15187
1.14418
1.13969
1.13703
1.13555
1.13522
1.13616
1.13825
1.1415
1.14669
1.15501
1.16631
1.17833
1.18803
1.19333
1.19369
1.18999
1.18425
1.17925
1.17762
1.18038
1.18633
1.1925
1.19536
1.19204
1.18142
1.16479
1.14573
1.12898
1.11833
1.11504
1.11788
1.12447
1.1324
1.13969
1.14473
1.14638
1.14424
1.139
1.13261
1.1278
1.12723
1.13266
1.14457
1.16209
1.18325
1.20542
1.22593
1.24245
1.25325
1.25716
1.25383
1.24392
1.22923
1.21214
1.19482
1.17863
1.16442
1.15315
1.14624
1.14524
1.15111
1.16375
1.1818
1.20279
1.22363
1.24146
1.25434
1.26152
1.26341
1.26132
1.25706
1.25235
1.24804
1.24383
1.23855
1.23085
1.21931
1.20305
1.18285
1.16239
1.14767
1.14335
1.14911
1.16006
1.17084
1.17851
1.18306
1.1865
1.19148
1.19971
1.21082
1.22259
1.23225
1.23777
1.23845
1.23487
1.22865
1.22202
1.21709
1.21516
1.21605
1.21803
1.21864
1.21611
1.21038
1.20299
1.19611
1.19148
1.19002
1.19196
1.197
1.2046
1.21375
1.2228
1.22988
1.23381
1.2347
1.23374
1.23224
1.23074
1.22888
1.22605
1.22226
1.21817
1.2143
1.21056
1.20649
1.20171
1.19595
1.18886
1.17989
1.16848
1.15445
1.13855
1.12295
1.11115
1.10744
1.11575
1.13748
1.16958
1.20546
1.23843
1.26417
1.28085
1.28821
1.28675
1.27732
1.26122
1.2403
1.21699
1.19393
1.17337
1.15678
1.14491
1.13802
1.13604
1.13866
1.14537
1.15532
1.167
1.17825
1.18689
1.19154
1.1921
1.18964
1.18586
1.18241
1.18024
1.17947
1.17978
1.18097
1.18328
1.18726
1.19352
1.20263
1.21522
1.23145
1.25012
1.26833
1.28261
1.2907
1.29293
1.29159
1.28857
1.28351
1.27453
1.26017
1.24063
1.21756
1.19345
1.17114
1.15328
1.14183
1.13775
1.14079
1.14981
1.16325
1.1795
1.19682
1.21336
1.22719
1.23655
1.24038
1.23898
1.23415
1.22864
1.22518
1.22549
1.22971
1.23648
1.24366
1.24933
1.25248
1.25327
1.25268
1.25193
1.25189
1.25285
1.25482
1.25795
1.26286
1.27009
1.27941
1.28936
1.2977
1.30218
1.30125
1.29434
1.28191
1.26534
1.24684
1.22901
1.21437
1.2049
1.20171
1.20462
1.21196
1.22093
1.2287
1.23368
1.23596
1.2371
1.23931
1.24441
1.25308
1.26461
1.27712
1.28794
1.29455
1.29546
1.29057
1.28109
1.26907
1.25695
1.24717
1.24174
1.24199
1.24816
1.25926
1.27333
1.28806
1.30146
1.31232
1.3203
1.32581
1.32975
1.33307
1.33627
1.33886
1.33919
1.33512
1.32525
1.31019
1.29278
1.27709
1.2665
1.26231
1.26352
1.26774
1.2726
1.27656
1.27884
1.27913
1.27734
1.27363
1.2685
1.26245
1.25579
1.24866
1.24134
1.23449
1.22882
1.22444
1.22051
1.21565
1.20858
1.19893
1.188
1.17913
1.17615
1.18037
1.18915
1.19786
1.2027
1.20195
1.19603
1.18702
1.17787
1.17145
1.16986
1.17409
1.18402
1.19836
1.21483
1.23075
1.24369
1.25205
1.25536
1.25422
1.25022
1.24531
1.24105
1.23818
1.23689
1.49936
1.49807
1.49661
1.49502
1.49267
1.48859
1.48204
1.47293
1.46197
1.45043
1.43968
1.43052
1.42253
1.41418
1.40361
1.39
1.37466
1.36131
1.35489
1.35931
1.37538
1.40046
1.42974
1.45821
1.48214
1.49974
1.51111
1.51777
1.5216
1.52399
1.52542
1.52532
1.52219
1.51395
1.49907
1.47779
1.45279
1.42879
1.41064
1.40044
1.39583
1.39145
1.38244
1.36738
1.34888
1.33211
1.32205
1.32123
1.32897
1.34218
1.35667
1.36858
1.37564
1.3778
1.37729
1.37746
1.38138
1.39068
1.40535
1.42385
1.44346
1.461
1.47365
1.47956
1.47803
1.46951
1.45557
1.43881
1.42215
1.40774
1.39587
1.38499
1.37293
1.35857
1.34305
1.32987
1.32373
1.32796
1.34214
1.36217
1.3827
1.39956
1.41052
1.41496
1.41342
1.40731
1.39881
1.3904
1.38378
1.37914
1.37511
1.3698
1.36211
1.35256
1.34298
1.33555
1.33192
1.33282
1.33794
1.34574
1.35362
1.35851
1.35791
1.35071
1.33744
1.32004
1.30143
1.28527
1.27559
1.2756
1.28624
1.30579
1.33087
1.35742
1.38119
1.39825
1.40611
1.40489
1.39754
1.38858
1.38159
1.37755
1.37549
1.37437
1.3737
1.37333
1.37357
1.3755
1.38042
1.38826
1.39664
1.4019
1.40151
1.39577
1.38738
1.37943
1.37313
1.36755
1.36126
1.35399
1.34679
1.34113
1.33792
1.33724
1.33843
1.34057
1.34287
1.34498
1.347
1.34931
1.35235
1.35644
1.36158
1.36709
1.37126
1.3714
1.36465
1.34968
1.32801
1.30408
1.28365
1.27118
1.26747
1.2696
1.27319
1.27517
1.27503
1.27421
1.27474
1.27805
1.28439
1.29295
1.30242
1.31163
1.3199
1.32703
1.33292
1.33745
1.34103
1.3449
1.35041
1.35807
1.36706
1.37605
1.38418
1.39164
1.39951
1.40929
1.42199
1.43725
1.45303
1.46664
1.47603
1.48034
1.47949
1.47373
1.46369
1.45049
1.43577
1.42133
1.40878
1.39902
1.39203
1.38655
1.37995
1.36915
1.35267
1.33229
1.31265
1.29848
1.29175
1.29134
1.29516
1.30225
1.31308
1.32838
1.34787
1.36977
1.39138
1.41024
1.42503
1.43584
1.44359
1.44911
1.45266
1.45425
1.45417
1.45319
1.45213
1.45149
1.45104
1.44984
1.44674
1.44128
1.43464
1.42967
1.42956
1.43538
1.4448
1.45346
1.45725
1.45342
1.44081
1.4198
1.39258
1.36312
1.33681
1.31878
1.3114
1.3128
1.31814
1.32299
1.32601
1.32894
1.33453
1.3444
1.35797
1.37267
1.38481
1.39106
1.38982
1.38154
1.36818
1.35243
1.33704
1.32453
1.31688
1.31541
1.32055
1.33142
1.34548
1.35913
1.36898
1.37286
1.36974
1.35916
1.34137
1.31839
1.29455
1.27492
1.26273
1.25828
1.25928
1.26197
1.26314
1.26152
1.25787
1.25458
1.25521
1.26331
1.28073
1.30668
1.33794
1.37001
1.39844
1.42024
1.43441
1.44168
1.44391
1.44364
1.44346
1.44493
1.44811
1.4524
1.45761
1.46428
1.47321
1.48473
1.49837
1.51292
1.52683
1.53856
1.54671
1.55005
1.54752
1.53847
1.52283
1.50144
1.47625
1.45008
1.42589
1.40577
1.39101
1.38248
1.38056
1.38463
1.39306
1.40385
1.4153
1.4264
1.43672
1.44604
1.454
1.46031
1.46489
1.4677
1.46852
1.46722
1.46433
1.46152
1.46115
1.46531
1.47463
1.48784
1.50237
1.51538
1.52447
1.52797
1.525
1.51534
1.49949
1.47886
1.45587
1.43383
1.41626
1.4057
1.40258
1.40491
1.40934
1.41262
1.41236
1.40747
1.39841
1.38735
1.37752
1.37205
1.3723
1.37705
1.3831
1.38674
1.38505
1.37648
1.36117
1.34098
1.31907
1.29919
1.28474
1.27864
1.28316
1.29937
1.32593
1.35866
1.39187
1.42029
1.44032
1.45019
1.4495
1.43884
1.41973
1.39506
1.36946
1.34821
1.33478
1.32926
1.32984
1.33498
1.34355
1.3533
1.3605
1.3616
1.35528
1.3433
1.33024
1.32152
1.31973
1.32271
1.326
1.32602
1.3209
1.31021
1.29531
1.27981
1.26861
1.26507
1.26877
1.27633
1.28448
1.29267
1.30269
1.31606
1.33261
1.35129
1.37055
1.3877
1.39897
1.40106
1.39255
1.37457
1.35032
1.32388
1.29925
1.28016
1.26983
1.26933
1.27588
1.28427
1.29025
1.29298
1.29456
1.29725
1.30128
1.30561
1.30988
1.31512
1.32318
1.33506
1.34908
1.36047
1.36345
1.35427
1.33299
1.30344
1.27165
1.24367
1.22359
1.21292
1.21116
1.21685
1.22845
1.24455
1.26392
1.28552
1.30832
1.3307
1.35015
1.36361
1.36857
1.36415
1.35175
1.33487
1.31812
1.30572
1.30024
1.30238
1.31147
1.3258
1.34267
1.35872
1.3711
1.3787
1.38255
1.38486
1.38727
1.38952
1.38967
1.38551
1.37609
1.36231
1.34673
1.33279
1.324
1.32268
1.32864
1.33893
1.34906
1.35492
1.35424
1.34693
1.33407
1.31647
1.29439
1.26877
1.24248
1.21989
1.20476
1.19808
1.19751
1.19884
1.19849
1.19571
1.19335
1.19588
1.20587
1.22254
1.24341
1.26635
1.28987
1.31235
1.33175
1.34626
1.35541
1.36063
1.36474
1.37032
1.37818
1.38729
1.39581
1.40197
1.40437
1.40226
1.39597
1.38711
1.3782
1.37195
1.37012
1.37249
1.3768
1.38
1.37996
1.37663
1.37105
1.36331
1.35169
1.33441
1.31133
1.28432
1.25636
1.23078
1.21083
1.19934
1.19799
1.20662
1.22339
1.24577
1.2716
1.29922
1.32691
1.35261
1.37404
1.38935
1.39766
1.39907
1.39413
1.3832
1.36691
1.34732
1.3283
1.31451
1.30961
1.31509
1.3301
1.35205
1.37752
1.40317
1.42612
1.44428
1.45635
1.4616
1.45943
1.44942
1.43171
1.40752
1.37934
1.35132
1.32947
1.32049
1.32888
1.35365
1.38834
1.4246
1.45593
1.47903
1.49312
1.49848
1.49551
1.48432
1.46492
1.43782
1.40468
1.36867
1.33394
1.30418
1.2811
1.26401
1.25135
1.2427
1.23967
1.2448
1.25938
1.28193
1.30869
1.33495
1.35617
1.36843
1.36893
1.35771
1.34049
1.32813
1.32838
1.33869
1.35088
1.3587
1.35948
1.35296
1.3407
1.32574
1.31156
1.30115
1.29634
1.2974
1.30311
1.31146
1.32074
1.33011
1.33953
1.34917
1.35888
1.36789
1.3752
1.38037
1.38398
1.38701
1.3898
1.39139
1.39005
1.38437
1.37402
1.35982
1.3432
1.32574
1.30904
1.29478
1.28451
1.27913
1.27851
1.28161
1.28684
1.29259
1.29744
1.30059
1.30197
1.30217
1.30176
1.30079
1.29857
1.29441
1.28837
1.28154
1.27553
1.27162
1.27041
1.27201
1.27637
1.28317
1.29166
1.301
1.31047
1.31941
1.32718
1.3333
1.33794
1.34206
1.34707
1.35364
1.36101
1.36759
1.37214
1.37418
1.37378
1.37125
1.36646
1.35849
1.34639
1.3308
1.31467
1.30194
1.29541
1.29572
1.302
1.31279
1.32626
1.34005
1.35146
1.35817
1.35884
1.35374
1.34472
1.33461
1.32617
1.3212
1.31997
1.32141
1.3237
1.32528
1.32546
1.32452
1.32305
1.321
1.31768
1.31262
1.30654
1.301
1.29692
1.29363
1.28927
1.28219
1.27201
1.26001
1.24872
1.24108
1.23967
1.24607
1.26007
1.27888
1.29778
1.31308
1.32466
1.33599
1.3513
1.37252
1.39819
1.42464
1.44778
1.46457
1.47358
1.47491
1.4696
1.45923
1.44566
1.43105
1.4177
1.40753
1.40112
1.39742
1.39447
1.39076
1.38635
1.38303
1.38311
1.38785
1.39638
1.40604
1.41366
1.41678
1.41405
1.40536
1.39164
1.37468
1.35664
1.33989
1.32685
1.31965
1.31944
1.32556
1.33544
1.34577
1.35407
1.35985
1.36447
1.3697
1.37635
1.38403
1.3921
1.40058
1.41041
1.42223
1.43483
1.44505
1.44914
1.44449
1.4301
1.40654
1.37569
1.34076
1.30596
1.27569
1.25312
1.23937
1.23348
1.23314
1.2357
1.23916
1.24276
1.24709
1.2534
1.26256
1.27431
1.28734
1.30015
1.31185
1.32263
1.33364
1.34642
1.36186
1.3792
1.39605
1.40962
1.418
1.42049
1.41735
1.40974
1.39979
1.39046
1.38509
1.38603
1.39343
1.40503
1.41748
1.42804
1.43557
1.44045
1.44384
1.44677
1.4494
1.4509
1.44985
1.4448
1.43489
1.42003
1.40095
1.37926
1.35813
1.34242
1.33739
1.3458
1.36609
1.39295
1.41973
1.44062
1.45176
1.45143
1.43993
1.4198
1.39608
1.37562
1.36421
1.36374
1.37216
1.3855
1.39959
1.41093
1.41735
1.4182
1.41404
1.40619
1.39655
1.38769
1.38281
1.38476
1.39413
1.40829
1.42303
1.43482
1.44158
1.44226
1.43649
1.42526
1.41172
1.40068
1.39652
1.4007
1.41141
1.42514
1.43854
1.44945
1.45681
1.46015
1.45927
1.45443
1.44671
1.43783
1.42951
1.42297
1.41878
1.41679
1.416
1.41467
1.41099
1.40366
1.39195
1.37561
1.35518
1.33225
1.30946
1.28982
1.27569
1.26846
1.26889
1.27788
1.2964
1.3241
1.35765
1.3916
1.42102
1.44294
1.45639
1.4624
1.46364
1.46326
1.46328
1.46423
1.46633
1.47019
1.47588
1.48186
1.48543
1.48466
1.47994
1.47387
1.46926
1.46671
1.46397
1.45808
1.4478
1.43453
1.42136
1.41115
1.40457
1.39982
1.39391
1.38408
1.3688
1.34825
1.32437
1.30038
1.27973
1.26489
1.2567
1.25422
1.25555
1.25884
1.26303
1.26792
1.27358
1.28001
1.28712
1.29488
1.30331
1.31241
1.32202
1.33203
1.34252
1.3536
1.36506
1.37597
1.38455
1.38858
1.38628
1.37755
1.36487
1.35288
1.34649
1.34824
1.35704
1.36902
1.37952
1.38468
1.38232
1.3722
1.35552
1.33428
1.31047
1.28579
1.26203
1.24153
1.22738
1.22274
1.2298
1.24881
1.27787
1.31335
1.351
1.38695
1.41848
1.44428
1.46423
1.47883
1.48871
1.49417
1.49519
1.4961
1.48773
1.47557
1.4607
1.4444
1.42796
1.41244
1.3988
1.3883
1.38251
1.38255
1.3881
1.39716
1.40688
1.41468
1.41904
1.41959
1.41692
1.41225
1.40678
1.40117
1.39577
1.39094
1.38717
1.38445
1.38216
1.37978
1.37761
1.37674
1.37824
1.38254
1.38924
1.39727
1.40526
1.41175
1.41577
1.41713
1.41644
1.41454
1.41168
1.40706
1.39939
1.38836
1.37562
1.36431
1.35705
1.35402
1.35328
1.35278
1.35192
1.35043
1.34629
1.33638
1.31946
1.29773
1.27555
1.25708
1.24452
1.23751
1.23452
1.23532
1.24225
1.25861
1.28572
1.32133
1.36075
1.39894
1.43208
1.45792
1.4754
1.48423
1.48444
1.47639
1.46125
1.44154
1.42124
1.405
1.3965
1.39673
1.40363
1.41326
1.42199
1.42775
1.43046
1.43119
1.4314
1.43267
1.43696
1.44626
1.46097
1.47852
1.49378
1.50155
1.49846
1.48365
1.45852
1.42579
1.38844
1.34894
1.3097
1.27412
1.24631
1.229
1.2219
1.22267
1.22938
1.24141
1.25849
1.27971
1.30343
1.328
1.35229
1.37555
1.39699
1.41555
1.43039
1.44127
1.44875
1.45385
1.45807
1.46339
1.47201
1.48518
1.50183
1.51826
1.52954
1.53174
1.52318
1.50502
1.48069
1.45489
1.43194
1.41423
1.40163
1.39258
1.3859
1.38125
1.37795
1.37447
1.36974
1.36417
1.35859
1.35232
1.34303
1.32906
1.31138
1.29376
1.28085
1.27541
1.27679
1.28209
1.28835
1.29404
1.29919
1.30429
1.30929
1.31448
1.3216
1.33269
1.34739
1.36258
1.3743
1.37992
1.37902
1.37325
1.3653
1.3577
1.35205
1.3489
1.34801
1.34884
1.35057
1.3521
1.35189
1.34811
1.33897
1.32385
1.30478
1.28729
1.27849
1.28282
1.29899
1.32118
1.3433
1.36211
1.37718
1.38848
1.39476
1.39373
1.38354
1.36384
1.33612
1.30366
1.27119
1.24386
1.2256
1.21793
1.22013
1.2303
1.24648
1.26735
1.29207
1.31977
1.34896
1.3777
1.40411
1.42705
1.44615
1.46142
1.47266
1.4791
1.47942
1.47227
1.45729
1.43616
1.41305
1.39331
1.38098
1.37684
1.37832
1.38103
1.38071
1.37475
1.36247
1.34493
1.32466
1.30533
1.291
1.28477
1.28739
1.297
1.31003
1.32277
1.33271
1.33928
1.34355
1.34698
1.35013
1.35239
1.35292
1.35167
1.34952
1.34755
1.3464
1.34614
1.34652
1.34742
1.34911
1.35239
1.35826
1.36754
1.38012
1.3945
1.40815
1.41864
1.4249
1.42767
1.42921
1.43243
1.43992
1.45295
1.47086
1.49122
1.51076
1.52628
1.53532
1.53629
1.52851
1.51198
1.48728
1.45568
1.41964
1.38296
1.35028
1.32575
1.31175
1.30851
1.31465
1.32783
1.34513
1.36383
1.38213
1.3993
1.41509
1.42881
1.43897
1.44399
1.44312
1.43677
1.42626
1.41315
1.39872
1.38391
1.3699
1.35867
1.35208
1.35009
1.35019
1.34882
1.34352
1.334
1.32178
1.30916
1.29831
1.29086
1.28755
1.28808
1.29147
1.29677
1.30322
1.30991
1.3155
1.31868
1.31883
1.31669
1.31416
1.31355
1.31652
1.32376
1.33528
1.35064
1.36858
1.3867
1.40215
1.41297
1.41897
1.42166
1.42346
1.42693
1.43428
1.44674
1.46403
1.4839
1.5026
1.51602
1.52071
1.51439
1.49605
1.46621
1.42748
1.38529
1.34758
1.32179
1.31036
1.30899
1.31029
1.30952
1.30737
1.30841
1.31664
1.33172
1.34892
1.36244
1.36832
1.36532
1.35462
1.33912
1.32282
1.30966
1.30208
1.30016
1.30209
1.30542
1.30826
1.30978
1.31007
1.30966
1.30888
1.30728
1.30404
1.29879
1.29253
1.28758
1.28664
1.29165
1.30331
1.32116
1.34379
1.36889
1.39358
1.41479
1.42994
1.43723
1.43577
1.42564
1.40808
1.38557
1.36187
1.34142
1.32839
1.32579
1.33461
1.35343
1.37857
1.40482
1.42655
1.43887
1.43859
1.42514
1.40121
1.37232
1.34485
1.32337
1.30981
1.3041
1.30503
1.31088
1.3199
1.33044
1.34093
1.34997
1.35659
1.36025
1.36092
1.35946
1.35805
1.35982
1.36726
1.38065
1.39765
1.41429
1.4262
1.42966
1.42253
1.40557
1.3831
1.36166
1.34655
1.33881
1.336
1.33495
1.33353
1.33088
1.32726
1.32348
1.32008
1.3169
1.31345
1.30952
1.30549
1.30223
1.30044
1.29991
1.29901
1.29502
1.28535
1.26897
1.24794
1.22822
1.21869
1.22752
1.25756
1.30439
1.35853
1.40976
1.45033
1.47599
1.48558
1.48015
1.46208
1.43459
1.40173
1.36945
1.34609
1.33875
1.34738
1.36528
1.38538
1.40362
1.41815
1.42793
1.43218
1.43064
1.42398
1.41379
1.40197
1.38994
1.37839
1.36777
1.35883
1.35261
1.35003
1.35116
1.35516
1.3608
1.36729
1.37463
1.38334
1.39358
1.40441
1.41372
1.41898
1.41823
1.41054
1.39601
1.37564
1.35147
1.32693
1.30667
1.29506
1.29434
1.3042
1.32315
1.34981
1.38302
1.42059
1.45848
1.49145
1.5148
1.52575
1.52379
1.51013
1.48688
1.45676
1.42364
1.39282
1.3691
1.35381
1.34409
1.33603
1.32815
1.32176
1.31872
1.31899
1.32018
1.31972
1.31785
1.31865
1.32659
1.34207
1.36136
1.37983
1.39388
1.4011
1.40028
1.39193
1.37878
1.36491
1.35406
1.34839
1.3492
1.35828
1.37713
1.40443
1.43528
1.46367
1.4857
1.50033
1.50815
1.50973
1.50492
1.49327
1.47505
1.45237
1.42936
1.4108
1.40008
1.39763
1.40093
1.40595
1.40914
1.40925
1.40767
1.40686
1.40862
1.41335
1.4204
1.42846
1.43568
1.43998
1.43978
1.43449
1.42452
1.41098
1.3953
1.37876
1.36209
1.34575
1.33084
1.3197
1.31551
1.3208
1.33512
1.35399
1.37136
1.38312
1.38848
1.38914
1.38726
1.384
1.37901
1.37122
1.36042
1.34838
1.33882
1.33537
1.33849
1.34461
1.3486
1.34753
1.34221
1.33633
1.33437
1.33951
1.35262
1.37238
1.39594
1.41958
1.4394
1.45217
1.45619
1.45166
1.44027
1.42481
1.40897
1.39706
1.39266
1.39648
1.4052
1.41304
1.41494
1.40846
1.39392
1.37378
1.35173
1.33196
1.31845
1.31453
1.32235
1.34185
1.36993
1.40123
1.43014
1.45246
1.46586
1.46977
1.4654
1.45548
1.44312
1.43052
1.41863
1.40784
1.39831
1.38928
1.37867
1.36412
1.34425
1.3194
1.29178
1.26508
1.24406
1.23366
1.23745
1.25585
1.28536
1.31972
1.35237
1.3785
1.39571
1.40365
1.40336
1.39624
1.3833
1.36515
1.34299
1.31969
1.29944
1.2858
1.28071
1.28506
1.29892
1.32039
1.345
1.36706
1.38214
1.38871
1.38858
1.38628
1.38755
1.39645
1.41301
1.43347
1.45256
1.46559
1.46929
1.46219
1.44489
1.42019
1.39247
1.36644
1.34596
1.3334
1.32925
1.33204
1.33892
1.34678
1.35352
1.35899
1.36485
1.37322
1.38514
1.4
1.41608
1.43158
1.44524
1.45635
1.46432
1.46828
1.46703
1.45982
1.44752
1.43331
1.42084
1.41125
1.40273
1.39313
1.38212
1.37121
1.36272
1.35849
1.35887
1.36246
1.36698
1.37043
1.37187
1.37128
1.36897
1.36509
1.35954
1.35235
1.34431
1.33685
1.33132
1.32782
1.32467
1.3189
1.30792
1.29183
1.27508
1.26493
1.26596
1.27627
1.28996
1.30227
1.31164
1.3187
1.32446
1.32931
1.33314
1.33621
1.33979
1.34559
1.35463
1.36624
1.3782
1.38765
1.39231
1.3913
1.38544
1.377
1.36904
1.36452
1.36538
1.37188
1.38259
1.39495
1.40641
1.41543
1.42156
1.42492
1.42552
1.42334
1.41888
1.41359
1.40945
1.40804
1.40981
1.41384
1.41835
1.42141
1.42175
1.41943
1.41587
1.41312
1.41291
1.41588
1.42129
1.42702
1.42986
1.42658
1.41533
1.39651
1.37266
1.34754
1.32492
1.30802
1.29949
1.30101
1.31234
1.33104
1.35328
1.37505
1.39315
1.40566
1.41219
1.41416
1.41458
1.41722
1.42519
1.43916
1.45634
1.4718
1.48127
1.48324
1.47892
1.47113
1.46271
1.45548
1.45007
1.44637
1.44423
1.44375
1.4452
1.44877
1.45425
1.46091
1.46769
1.47326
1.47628
1.47565
1.47049
1.46052
1.44664
1.43134
1.41842
1.41138
1.41135
1.41636
1.42256
1.42619
1.42511
1.41937
1.41059
1.40069
1.39085
1.38134
1.37179
1.36162
1.35046
1.33849
1.32689
1.31767
1.31279
1.313
1.31708
1.32227
1.3254
1.32394
1.31668
1.30385
1.28683
1.26769
1.24907
1.23435
1.22717
1.2297
1.24134
1.25902
1.27878
1.29747
1.31369
1.32735
1.33862
1.34719
1.35232
1.35355
1.35117
1.34646
1.34165
1.33973
1.34309
1.35144
1.3617
1.37043
1.37631
1.3811
1.38858
1.40206
1.42198
1.44586
1.47008
1.4914
1.50738
1.51654
1.51822
1.51259
1.5005
1.48322
1.46221
1.43914
1.41611
1.39537
1.37835
1.36494
1.35406
1.34444
1.33479
1.32389
1.31191
1.30173
1.29829
1.30575
1.32487
1.35276
1.38448
1.41515
1.44134
1.46166
1.47641
1.48654
1.49256
1.49414
1.49052
1.4814
1.46768
1.45179
1.43704
1.42626
1.42032
1.41792
1.41683
1.41562
1.41426
1.41321
1.41233
1.41083
1.40884
1.4082
1.41107
1.41734
1.42366
1.42541
1.41936
1.4053
1.38621
1.36701
1.35254
1.34567
1.34675
1.35486
1.36875
1.38683
1.40681
1.42625
1.44316
1.45596
1.46308
1.46301
1.45506
1.44038
1.42227
1.40532
1.39371
1.3898
1.39384
1.40464
1.42031
1.43823
1.4552
1.46812
1.47502
1.47569
1.47183
1.4667
1.46389
1.46509
1.4688
1.47139
1.46979
1.46324
1.45288
1.44035
1.42665
1.41193
1.39613
1.37979
1.36443
1.35232
1.34565
1.34552
1.35152
1.36173
1.37318
1.38246
1.38721
1.38734
1.38483
1.38187
1.37924
1.37614
1.49398
1.48352
1.4703
1.45659
1.44391
1.43314
1.42614
1.42575
1.43297
1.44524
1.4587
1.47129
1.48275
1.4928
1.5005
1.50503
1.50656
1.50634
1.50596
1.50652
1.50783
1.50827
1.50573
1.49958
1.49193
1.48655
1.48614
1.49056
1.49688
1.50059
1.49766
1.4861
1.46668
1.44241
1.41772
1.39699
1.38319
1.37703
1.37704
1.38048
1.38422
1.38552
1.38283
1.37627
1.36766
1.3599
1.3561
1.35809
1.36548
1.37564
1.38483
1.38994
1.39
1.38745
1.38793
1.39769
1.41919
1.44934
1.48226
1.51301
1.53885
1.55835
1.57027
1.57308
1.56559
1.54783
1.52191
1.49221
1.46443
1.44368
1.43251
1.43041
1.43492
1.44311
1.45248
1.46125
1.46847
1.47388
1.47782
1.48069
1.48266
1.48347
1.48266
1.47999
1.4756
1.46979
1.463
1.45614
1.45053
1.44727
1.44685
1.44934
1.45406
1.45953
1.46445
1.46864
1.47257
1.47629
1.47881
1.47828
1.47281
1.46201
1.44868
1.43904
1.43967
1.45233
1.47209
1.49132
1.50514
1.51285
1.51608
1.51649
1.51512
1.51301
1.51143
1.51149
1.51348
1.51678
1.52011
1.52228
1.5228
1.52208
1.52098
1.52002
1.51874
1.51547
1.50797
1.49507
1.47871
1.46425
1.45728
1.45956
1.46848
1.47953
1.48823
1.4909
1.48503
1.47005
1.44866
1.42792
1.41765
1.42427
1.44546
1.47207
1.49458
1.50764
1.51033
1.50396
1.48989
1.46886
1.44216
1.4133
1.38802
1.37203
1.3682
1.37611
1.39347
1.41696
1.44198
1.46354
1.47807
1.4849
1.48638
1.48655
1.48889
1.49453
1.50237
1.51049
1.5173
1.5215
1.52201
1.51845
1.51198
1.50555
1.50285
1.50674
1.51785
1.53432
1.55272
1.56938
1.58129
1.58653
1.58427
1.57475
1.55922
1.53981
1.51889
1.49814
1.47837
1.46001
1.4435
1.42922
1.41756
1.40895
1.40341
1.39997
1.39729
1.39533
1.39584
1.40003
1.40579
1.40827
1.40349
1.39113
1.3742
1.35643
1.34014
1.32576
1.31286
1.30186
1.29529
1.29652
1.30588
1.31957
1.33371
1.34759
1.3622
1.37732
1.3908
1.4002
1.40456
1.40477
1.40224
1.39765
1.39167
1.38671
1.38631
1.39272
1.40646
1.42769
1.45625
1.48995
1.52414
1.55375
1.57548
1.58885
1.59613
1.60152
1.60938
1.62166
1.63649
1.64958
1.65676
1.65564
1.64584
1.62848
1.60582
1.5805
1.55443
1.52776
1.49888
1.46576
1.42803
1.38822
1.35179
1.32551
1.31459
1.31952
1.33499
1.35247
1.36474
1.36914
1.36846
1.36914
1.3771
1.39318
1.41348
1.43332
1.44958
1.46078
1.46738
1.47184
1.4771
1.48413
1.49099
1.495
1.49538
1.49387
1.49319
1.49504
1.49949
1.50555
1.51184
1.51681
1.5186
1.51542
1.50621
1.49156
1.47427
1.45895
1.44991
1.44848
1.45299
1.46145
1.47235
1.48329
1.49118
1.49403
1.49216
1.48774
1.48375
1.48313
1.4877
1.49723
1.50929
1.52025
1.52665
1.52603
1.51722
1.50055
1.47808
1.45371
1.43214
1.41682
1.40823
1.40395
1.40038
1.39481
1.3868
1.37835
1.37261
1.3718
1.37586
1.38334
1.39314
1.40551
1.42114
1.43972
1.45929
1.47738
1.49292
1.50682
1.5207
1.53465
1.54644
1.55283
1.55146
1.5423
1.52784
1.51192
1.49798
1.4876
1.48064
1.47645
1.47471
1.47533
1.47814
1.4825
1.48758
1.4923
1.49527
1.49459
1.48848
1.47667
1.46151
1.44742
1.43871
1.43732
1.44248
1.45242
1.46587
1.48186
1.49903
1.51566
1.52951
1.53801
1.53906
1.53238
1.51993
1.50521
1.49144
1.47979
1.469
1.45647
1.43987
1.41802
1.39092
1.35979
1.32746
1.29877
1.2801
1.27733
1.29274
1.32377
1.36474
1.40935
1.45197
1.48801
1.51416
1.5287
1.53157
1.52452
1.51087
1.49483
1.48025
1.46932
1.46213
1.45732
1.45329
1.44918
1.4451
1.44182
1.44006
1.44005
1.44143
1.44329
1.44421
1.44258
1.43709
1.42738
1.41429
1.3998
1.3869
1.3792
1.38011
1.39165
1.41338
1.44206
1.47245
1.49896
1.51737
1.52567
1.52413
1.51493
1.5017
1.48879
1.48017
1.47756
1.47935
1.48166
1.48069
1.47403
1.46083
1.44102
1.41545
1.38667
1.36038
1.34583
1.3526
1.38415
1.43433
1.49095
1.54234
1.58089
1.60363
1.61115
1.60644
1.59359
1.57656
1.55833
1.54065
1.52422
1.50918
1.49556
1.48372
1.47458
1.46913
1.46772
1.46976
1.47447
1.48143
1.49029
1.49982
1.50779
1.5121
1.51187
1.50779
1.50195
1.49717
1.49591
1.49904
1.50535
1.51223
1.51701
1.518
1.51488
1.50856
1.50078
1.49388
1.49063
1.49281
1.49989
1.50935
1.5188
1.52765
1.5371
1.54884
1.56363
1.58046
1.59649
1.60812
1.61256
1.60886
1.59788
1.5815
1.56214
1.54231
1.52431
1.51011
1.50145
1.49956
1.50443
1.51454
1.52744
1.54096
1.55417
1.56683
1.57815
1.58592
1.5873
1.58031
1.56495
1.5444
1.52611
1.51894
1.52449
1.53422
1.53821
1.5324
1.51785
1.49723
1.47333
1.44937
1.42888
1.41395
1.40409
1.39736
1.39266
1.39014
1.39004
1.39201
1.39619
1.40419
1.41795
1.43722
1.45823
1.47519
1.48299
1.4792
1.46443
1.44195
1.41718
1.39653
1.38509
1.38416
1.39047
1.39826
1.40261
1.40128
1.3948
1.38552
1.37674
1.37193
1.3737
1.38301
1.39884
1.41855
1.43881
1.45692
1.47139
1.48135
1.48586
1.484
1.47563
1.46206
1.44579
1.42998
1.41766
1.41106
1.41092
1.41609
1.42426
1.43351
1.4431
1.4524
1.46003
1.46441
1.4653
1.46448
1.46524
1.47056
1.48152
1.49654
1.51221
1.52489
1.53222
1.53382
1.5311
1.52685
1.52434
1.5261
1.53286
1.54326
1.5546
1.56397
1.56911
1.56871
1.56253
1.55154
1.53803
1.52509
1.51507
1.50817
1.50274
1.49725
1.49183
1.4883
1.48896
1.4955
1.50834
1.52658
1.54831
1.571
1.59202
1.60929
1.62165
1.62905
1.63226
1.63218
1.62913
1.6224
1.61044
1.59141
1.56388
1.52783
1.48561
1.44204
1.40266
1.37148
1.34976
1.33617
1.3284
1.32502
1.32598
1.33142
1.34063
1.35251
1.36653
1.38246
1.39954
1.4164
1.43169
1.4444
1.45357
1.45803
1.45644
1.44767
1.43183
1.41177
1.3935
1.38398
1.38735
1.40295
1.42692
1.45459
1.48181
1.50527
1.52283
1.53437
1.54217
1.55033
1.56259
1.57985
1.59919
1.61548
1.62391
1.62165
1.60803
1.58426
1.55317
1.51916
1.48791
1.46541
1.45642
1.4628
1.48239
1.50942
1.53664
1.55765
1.56835
1.56742
1.55636
1.53923
1.52194
1.51026
1.50695
1.51009
1.51489
1.51764
1.51787
1.51779
1.52024
1.5267
1.5363
1.5462
1.55334
1.55595
1.5538
1.54735
1.53706
1.52315
1.50582
1.48556
1.4633
1.44046
1.41904
1.4015
1.39025
1.38663
1.39007
1.3979
1.40624
1.4117
1.41276
1.41022
1.4065
1.40419
1.40454
1.40676
1.40886
1.40937
1.40882
1.40967
1.41443
1.42335
1.43357
1.44057
1.44098
1.43421
1.42226
1.40845
1.39645
1.38977
1.39089
1.39982
1.41359
1.42737
1.43691
1.44045
1.4391
1.43604
1.43495
1.43868
1.44842
1.46333
1.48099
1.49854
1.51378
1.52576
1.53445
1.54
1.54242
1.54194
1.53952
1.53698
1.53626
1.53795
1.54067
1.54199
1.54071
1.53781
1.53422
1.52828
1.51716
1.50056
1.48182
1.46603
1.45759
1.4586
1.4685
1.48443
1.50213
1.51706
1.52519
1.5236
1.51094
1.4879
1.45748
1.42464
1.39518
1.37415
1.36439
1.366
1.37688
1.39376
1.41301
1.43124
1.44583
1.45521
1.45879
1.45655
1.4491
1.43806
1.42623
1.417
1.41343
1.41755
1.42964
1.44724
1.46542
1.47851
1.48217
1.47463
1.45719
1.43439
1.41317
1.40021
1.39811
1.40426
1.41333
1.42055
1.423
1.41952
1.41033
1.39689
1.38177
1.36814
1.35881
1.35545
1.3589
1.3701
1.3903
1.4194
1.45384
1.48708
1.51251
1.52617
1.52726
1.51726
1.49858
1.47382
1.44593
1.41869
1.3962
1.38058
1.37045
1.3628
1.35645
1.35339
1.3573
1.37051
1.3919
1.41732
1.44198
1.4626
1.47789
1.48755
1.49117
1.488
1.47764
1.4606
1.43843
1.41327
1.38748
1.36348
1.34413
1.33293
1.33295
1.34465
1.36547
1.39138
1.41864
1.44453
1.46757
1.48743
1.50472
1.52023
1.53433
1.54682
1.55711
1.56461
1.56889
1.56964
1.56634
1.55823
1.5448
1.52621
1.50328
1.47716
1.44985
1.42512
1.40754
1.3993
1.39854
1.40121
1.40397
1.40519
1.40432
1.40129
1.39615
1.38941
1.38218
1.37598
1.37194
1.37033
1.37064
1.37208
1.37411
1.37676
1.38056
1.38611
1.39357
1.40239
1.41121
1.4184
1.42323
1.42688
1.43203
1.44076
1.45272
1.46486
1.47273
1.47239
1.46188
1.44179
1.41476
1.3842
1.3532
1.32413
1.29875
1.27827
1.26315
1.25343
1.24931
1.25125
1.25957
1.27382
1.29251
1.31361
1.33559
1.35831
1.38286
1.41006
1.43853
1.46412
1.48143
1.48634
1.47804
1.45969
1.43786
1.42091
1.4161
1.42595
1.4471
1.47307
1.49802
1.51839
1.53305
1.54283
1.54956
1.55478
1.55854
1.55911
1.55412
1.54217
1.52406
1.5027
1.48197
1.46514
1.45371
1.44773
1.44695
1.45134
1.46047
1.47284
1.48615
1.49835
1.50828
1.51557
1.51998
1.5214
1.52015
1.51715
1.5135
1.51001
1.50698
1.5044
1.50195
1.49869
1.49324
1.48465
1.47346
1.462
1.45333
1.44984
1.45237
1.46047
1.47353
1.49122
1.51324
1.53849
1.56479
1.58944
1.61017
1.6256
1.63485
1.63715
1.63199
1.61978
1.6025
1.48325
1.46934
1.46074
1.45586
1.45083
1.44196
1.4283
1.41223
1.39806
1.38928
1.38636
1.38684
1.38732
1.38561
1.38181
1.37781
1.3756
1.37584
1.37783
1.38077
1.38467
1.3902
1.39788
1.40785
1.42
1.43389
1.44824
1.46068
1.46807
1.46759
1.45762
1.43833
1.4119
1.38239
1.35478
1.33316
1.3192
1.31214
1.30967
1.30925
1.30915
1.30918
1.31056
1.31506
1.32406
1.33784
1.35567
1.37642
1.3992
1.42359
1.44946
1.47648
1.50364
1.52896
1.54972
1.563
1.56654
1.55938
1.54206
1.51666
1.48666
1.456
1.42768
1.40341
1.3845
1.37179
1.36489
1.3622
1.36244
1.36601
1.37464
1.38907
1.40713
1.42401
1.43499
1.43785
1.43341
1.42414
1.41245
1.40005
1.3885
1.37939
1.37371
1.37092
1.36898
1.36569
1.36045
1.35499
1.35259
1.35611
1.36637
1.38211
1.40093
1.42018
1.43763
1.45198
1.46292
1.47074
1.47558
1.47732
1.47584
1.47133
1.46419
1.45475
1.44317
1.42989
1.41611
1.4042
1.39743
1.3989
1.41002
1.42954
1.45398
1.47904
1.50107
1.51776
1.52816
1.5326
1.53229
1.52907
1.52474
1.52023
1.51481
1.50639
1.49271
1.4728
1.44772
1.42052
1.39519
1.3751
1.3617
1.35448
1.35179
1.35184
1.35342
1.35621
1.3602
1.3649
1.36911
1.37166
1.37243
1.37262
1.37376
1.37632
1.3788
1.37842
1.37331
1.36478
1.35741
1.35605
1.36245
1.37506
1.39028
1.40335
1.40928
1.40456
1.38857
1.36426
1.33734
1.31435
1.30017
1.29626
1.30043
1.3085
1.31658
1.32282
1.32772
1.33343
1.34279
1.35809
1.37974
1.40577
1.43226
1.45446
1.46785
1.46944
1.45903
1.44025
1.41989
1.40545
1.4018
1.40953
1.42547
1.44485
1.46337
1.47844
1.48916
1.49553
1.49773
1.49578
1.48968
1.47993
1.4683
1.45829
1.45421
1.45875
1.47072
1.48519
1.49642
1.50103
1.49922
1.49401
1.48914
1.48645
1.48432
1.47883
1.46659
1.44696
1.42194
1.39471
1.3682
1.34498
1.32777
1.31921
1.32057
1.3303
1.34412
1.35644
1.36272
1.36086
1.35128
1.33602
1.31871
1.30431
1.29735
1.29909
1.30687
1.31647
1.32452
1.32964
1.33242
1.33463
1.3383
1.34496
1.35511
1.36823
1.38297
1.3978
1.41167
1.42434
1.43635
1.44841
1.4608
1.47283
1.48278
1.48823
1.48708
1.47855
1.46393
1.44633
1.42929
1.41476
1.40221
1.38975
1.37645
1.3638
1.35531
1.35432
1.36158
1.37441
1.38825
1.39885
1.40392
1.40343
1.39902
1.39281
1.38676
1.38229
1.38034
1.38122
1.38446
1.38891
1.39313
1.39613
1.39813
1.4009
1.40701
1.41826
1.43416
1.45198
1.46858
1.48214
1.49261
1.50062
1.50606
1.50722
1.50119
1.48527
1.45827
1.42117
1.37771
1.33478
1.30203
1.2884
1.29534
1.31411
1.33298
1.3459
1.3536
1.35921
1.36426
1.36775
1.36767
1.36282
1.35358
1.34238
1.33386
1.33368
1.3452
1.36653
1.39205
1.41639
1.43663
1.45198
1.46281
1.46977
1.4731
1.47234
1.46663
1.4555
1.43973
1.42177
1.40544
1.39486
1.39281
1.39932
1.41179
1.42633
1.43986
1.45148
1.46233
1.47376
1.48538
1.49465
1.4981
1.49324
1.47971
1.45935
1.43552
1.41183
1.39106
1.3744
1.36126
1.34962
1.3373
1.32355
1.31002
1.29999
1.29626
1.29953
1.30819
1.31936
1.33058
1.34131
1.35276
1.36583
1.38012
1.39471
1.40885
1.42137
1.43029
1.43337
1.42916
1.41763
1.40018
1.37936
1.35852
1.34121
1.33028
1.32689
1.33019
1.33774
1.34659
1.35389
1.35756
1.35718
1.35464
1.3531
1.35473
1.35893
1.36307
1.36451
1.3623
1.35773
1.3534
1.35167
1.35342
1.3581
1.36458
1.37195
1.37976
1.3881
1.39787
1.41068
1.42724
1.44582
1.46254
1.47365
1.47739
1.47422
1.46577
1.4537
1.43916
1.423
1.40639
1.39162
1.38142
1.37698
1.37679
1.37846
1.38072
1.38348
1.38676
1.39018
1.3934
1.39686
1.4018
1.4091
1.41805
1.42608
1.4302
1.42878
1.42233
1.41279
1.40232
1.39261
1.38462
1.37804
1.3712
1.36195
1.34946
1.33515
1.32194
1.31209
1.30615
1.30419
1.30692
1.3152
1.32885
1.34671
1.36735
1.38922
1.4104
1.4287
1.44222
1.44994
1.45204
1.44967
1.44448
1.43805
1.4315
1.42539
1.41995
1.41527
1.41162
1.40932
1.40846
1.40847
1.40817
1.4061
1.40132
1.39397
1.38548
1.37809
1.37377
1.37315
1.37508
1.37722
1.37714
1.37308
1.36418
1.35076
1.33464
1.31929
1.30925
1.30859
1.31944
1.34135
1.3717
1.40648
1.44101
1.47077
1.49214
1.50323
1.50447
1.49872
1.49027
1.48294
1.47829
1.47543
1.47212
1.46624
1.45672
1.44406
1.43042
1.41899
1.41223
1.41028
1.4111
1.41238
1.41316
1.41381
1.41493
1.4162
1.41606
1.41253
1.4048
1.39431
1.38464
1.37972
1.38166
1.39013
1.40339
1.41901
1.43411
1.44597
1.45286
1.45459
1.45235
1.44819
1.44411
1.44148
1.44065
1.441
1.44115
1.43979
1.43627
1.43121
1.42625
1.4229
1.42097
1.41829
1.41242
1.40335
1.39494
1.39364
1.40347
1.42123
1.43811
1.44558
1.43908
1.41803
1.38481
1.34363
1.29977
1.25916
1.22783
1.21021
1.20674
1.21394
1.22761
1.24564
1.26844
1.29701
1.33054
1.36539
1.39693
1.42244
1.44246
1.45971
1.4768
1.49432
1.51035
1.52159
1.52504
1.5191
1.50361
1.47959
1.44958
1.41804
1.39081
1.37313
1.36781
1.37494
1.3927
1.41811
1.44737
1.47609
1.49986
1.51496
1.51906
1.5117
1.49445
1.47032
1.44238
1.41246
1.38172
1.35226
1.32729
1.30966
1.30076
1.30083
1.3092
1.32405
1.34206
1.35893
1.37115
1.37712
1.37714
1.37229
1.36359
1.35219
1.34034
1.33174
1.33078
1.34026
1.35881
1.38064
1.39854
1.40733
1.40534
1.3937
1.37512
1.35321
1.33238
1.31743
1.31221
1.3175
1.33014
1.34497
1.35816
1.36874
1.37715
1.38333
1.38676
1.38744
1.38585
1.38231
1.37657
1.36851
1.35868
1.34854
1.34032
1.33623
1.33737
1.34298
1.35137
1.36131
1.37266
1.38589
1.40082
1.41598
1.42863
1.43555
1.43418
1.42416
1.40866
1.39413
1.38686
1.38899
1.39862
1.41271
1.42881
1.44436
1.45586
1.45972
1.45427
1.44076
1.42303
1.40638
1.39603
1.39498
1.40235
1.41356
1.42254
1.4244
1.41721
1.40235
1.38376
1.3665
1.35519
1.35239
1.35799
1.36947
1.38276
1.39327
1.39698
1.39169
1.37825
1.36069
1.34487
1.33598
1.33638
1.3457
1.36197
1.38218
1.40191
1.41619
1.42171
1.4185
1.40944
1.39832
1.38843
1.38273
1.38398
1.39344
1.40957
1.42852
1.44576
1.4579
1.46393
1.46546
1.46553
1.46639
1.46806
1.46877
1.46646
1.4594
1.4462
1.42564
1.39726
1.36216
1.32374
1.2879
1.26182
1.2509
1.25529
1.26946
1.28596
1.29975
1.30949
1.31574
1.31837
1.31605
1.30751
1.29343
1.27709
1.26355
1.25764
1.26189
1.27569
1.29603
1.31913
1.34213
1.36395
1.38507
1.4061
1.42637
1.44372
1.45576
1.46132
1.46102
1.45702
1.45215
1.44893
1.44895
1.45273
1.4599
1.46937
1.47953
1.48874
1.49618
1.50191
1.50593
1.50751
1.50599
1.50191
1.49641
1.48947
1.47864
1.46015
1.43161
1.39419
1.35266
1.3132
1.28104
1.25983
1.25211
1.25901
1.27946
1.31015
1.34616
1.38202
1.41254
1.43403
1.44472
1.44401
1.43164
1.40844
1.37938
1.35548
1.34862
1.36123
1.38539
1.41208
1.43669
1.45788
1.47512
1.48773
1.49507
1.4971
1.49446
1.48849
1.48079
1.47286
1.466
1.46137
1.45986
1.46177
1.46641
1.47216
1.47704
1.47932
1.4779
1.47239
1.46293
1.45016
1.43535
1.42048
1.40757
1.39796
1.39234
1.39114
1.39443
1.40154
1.41117
1.42198
1.43337
1.44557
1.45886
1.47198
1.48171
1.48407
1.47613
1.45726
1.42983
1.39894
1.37084
1.35023
1.33895
1.3369
1.34367
1.35864
1.38025
1.40523
1.42912
1.44771
1.45838
1.46071
1.45649
1.44897
1.44209
1.43916
1.44171
1.44903
1.45901
1.46937
1.47835
1.48446
1.48629
1.48266
1.47315
1.4586
1.44094
1.42252
1.40515
1.38959
1.37546
1.36168
1.34757
1.33427
1.3249
1.32267
1.32827
1.33944
1.35292
1.3664
1.3789
1.39053
1.40186
1.41326
1.42454
1.43504
1.44413
1.45162
1.45765
1.4622
1.46478
1.46465
1.46105
1.45337
1.44119
1.42422
1.40288
1.37894
1.35581
1.33735
1.32573
1.31979
1.31568
1.3092
1.29799
1.28235
1.2648
1.24935
1.24045
1.24182
1.25517
1.27915
1.30951
1.34046
1.3667
1.38498
1.3947
1.39778
1.39788
1.39874
1.4019
1.40542
1.40497
1.39662
1.3794
1.35626
1.33321
1.31694
1.31144
1.31597
1.32603
1.3362
1.34273
1.34442
1.34209
1.33732
1.3317
1.32681
1.32445
1.32659
1.33439
1.34714
1.36154
1.37263
1.37642
1.37221
1.36299
1.35385
1.34976
1.35329
1.36334
1.37576
1.38567
1.38957
1.38612
1.3759
1.36087
1.34379
1.32764
1.31504
1.30744
1.30474
1.30521
1.3063
1.30589
1.30305
1.298
1.29129
1.28335
1.27463
1.26598
1.25872
1.25383
1.25154
1.25211
1.25671
1.26676
1.28223
1.3006
1.31781
1.33002
1.33494
1.3321
1.32274
1.3093
1.2948
1.28195
1.27238
1.26656
1.26445
1.26625
1.27296
1.28641
1.30796
1.33675
1.36905
1.39972
1.42448
1.44116
1.44972
1.45152
1.44847
1.4422
1.43341
1.42182
1.40663
1.38727
1.36435
1.34022
1.3189
1.3053
1.3025
1.30907
1.51025
1.51874
1.52395
1.5243
1.51716
1.50065
1.47561
1.44629
1.41918
1.40024
1.39297
1.39829
1.41493
1.43925
1.46564
1.48848
1.50423
1.51208
1.51332
1.51017
1.50521
1.50156
1.50278
1.51132
1.52676
1.54597
1.56549
1.58324
1.59778
1.60679
1.60752
1.59827
1.57904
1.55136
1.518
1.4829
1.45157
1.4303
1.42333
1.43051
1.44896
1.47525
1.50497
1.53288
1.5549
1.56932
1.57604
1.57541
1.56789
1.55471
1.5386
1.52368
1.51395
1.51105
1.51336
1.51729
1.51971
1.5195
1.51766
1.51542
1.51219
1.50553
1.49287
1.47378
1.45136
1.43211
1.42318
1.42825
1.44515
1.46767
1.48922
1.50524
1.51372
1.51489
1.51049
1.50312
1.49543
1.48943
1.48621
1.48597
1.4882
1.49175
1.49498
1.49659
1.49648
1.49568
1.49509
1.49472
1.49501
1.49807
1.50731
1.52568
1.55404
1.59061
1.63136
1.67127
1.70554
1.73053
1.74395
1.74495
1.73403
1.71325
1.68628
1.65798
1.63319
1.61541
1.60581
1.603
1.60364
1.60339
1.59831
1.58633
1.56849
1.54876
1.53222
1.52231
1.51924
1.52073
1.52437
1.52892
1.53388
1.53825
1.53996
1.53633
1.52536
1.50735
1.48637
1.46928
1.46154
1.46398
1.47412
1.48949
1.50862
1.52997
1.55068
1.56689
1.57588
1.57812
1.5772
1.57707
1.57886
1.58101
1.58223
1.58332
1.58611
1.59128
1.5969
1.59885
1.59232
1.57389
1.5436
1.50684
1.47412
1.45635
1.45743
1.47202
1.49242
1.51595
1.54488
1.58024
1.61796
1.65107
1.67378
1.68331
1.67945
1.66319
1.63565
1.59754
1.54945
1.49307
1.4335
1.38178
1.35293
1.35624
1.38644
1.42825
1.46779
1.49859
1.52065
1.53697
1.55107
1.56549
1.581
1.59611
1.6073
1.61028
1.60166
1.58034
1.54835
1.51046
1.47268
1.43983
1.41409
1.39523
1.38208
1.3735
1.36882
1.36791
1.37096
1.37819
1.38998
1.40629
1.42591
1.44621
1.46385
1.47572
1.48005
1.47737
1.47081
1.46499
1.46443
1.47175
1.48651
1.50508
1.5219
1.53161
1.53114
1.521
1.50535
1.49005
1.47921
1.47271
1.46749
1.46104
1.45358
1.44771
1.44669
1.45238
1.46427
1.48027
1.4982
1.51644
1.53365
1.54867
1.56067
1.56882
1.57205
1.56912
1.5594
1.54354
1.52345
1.5015
1.47974
1.45988
1.44462
1.43867
1.44686
1.46984
1.50241
1.53648
1.56457
1.5814
1.58474
1.57575
1.55815
1.53594
1.51278
1.49322
1.48296
1.48641
1.50413
1.53229
1.5643
1.59316
1.61351
1.6226
1.62025
1.6082
1.58921
1.56621
1.54155
1.51675
1.49266
1.46992
1.44935
1.43192
1.4185
1.40976
1.40598
1.40673
1.41139
1.41996
1.43313
1.45158
1.47504
1.50189
1.52962
1.55546
1.57728
1.59405
1.60576
1.61249
1.61387
1.60919
1.59841
1.58287
1.5653
1.54894
1.53629
1.52823
1.52384
1.52127
1.51876
1.51549
1.51131
1.50624
1.50008
1.49273
1.48479
1.4777
1.47316
1.47198
1.47326
1.4748
1.47453
1.47179
1.46773
1.46466
1.46463
1.46772
1.47145
1.4723
1.46824
1.46009
1.45114
1.44533
1.44511
1.45025
1.45847
1.46714
1.47466
1.48076
1.48592
1.49036
1.4931
1.49245
1.48755
1.479
1.46753
1.45277
1.43412
1.41269
1.39189
1.37608
1.36903
1.37308
1.38896
1.41573
1.4507
1.48971
1.5278
1.56012
1.58281
1.59333
1.59052
1.5746
1.54731
1.51194
1.4728
1.43478
1.40285
1.38107
1.37174
1.37496
1.38912
1.41185
1.44041
1.47151
1.50121
1.52583
1.54301
1.55213
1.55441
1.55274
1.5507
1.55084
1.55367
1.55837
1.56421
1.57114
1.57952
1.58964
1.60151
1.61499
1.62993
1.64592
1.66192
1.67614
1.68645
1.69119
1.68991
1.68334
1.67283
1.65916
1.64161
1.61839
1.58801
1.55103
1.51077
1.47261
1.44184
1.42115
1.40927
1.40212
1.39611
1.39178
1.3948
1.41154
1.44301
1.48388
1.52654
1.56437
1.59307
1.61071
1.61766
1.61596
1.6087
1.59909
1.58926
1.57968
1.56985
1.55983
1.55091
1.54523
1.54472
1.55034
1.56173
1.5771
1.59322
1.60589
1.61083
1.60468
1.58569
1.55446
1.51494
1.47498
1.44425
1.4298
1.4328
1.4494
1.47379
1.50066
1.52609
1.54776
1.5648
1.5775
1.58684
1.59373
1.5984
1.60051
1.59971
1.59632
1.59145
1.58657
1.58269
1.57991
1.57727
1.57272
1.56377
1.54929
1.53167
1.51716
1.51288
1.52208
1.54243
1.56815
1.59321
1.613
1.62472
1.62727
1.62087
1.60661
1.5863
1.56218
1.53699
1.51363
1.49449
1.48072
1.47199
1.46707
1.46451
1.46321
1.46294
1.46422
1.4677
1.47341
1.48075
1.48904
1.49815
1.50866
1.5215
1.53718
1.55537
1.57497
1.59482
1.61436
1.63338
1.65131
1.66658
1.67682
1.67985
1.67446
1.66066
1.6392
1.61118
1.57796
1.54146
1.50458
1.47141
1.44677
1.43427
1.43343
1.43927
1.44565
1.44878
1.44813
1.44518
1.44231
1.44252
1.449
1.4635
1.48484
1.50873
1.52919
1.54116
1.54282
1.53609
1.52511
1.51395
1.50519
1.49973
1.49744
1.49779
1.50033
1.50491
1.51176
1.5211
1.5325
1.54458
1.55547
1.56376
1.56879
1.57032
1.56821
1.56273
1.55461
1.54447
1.53244
1.51895
1.50555
1.49502
1.49063
1.49511
1.50976
1.53367
1.56346
1.59395
1.61988
1.63737
1.64456
1.6417
1.63104
1.61644
1.60184
1.58935
1.57897
1.56998
1.56247
1.55688
1.55253
1.54814
1.54426
1.54393
1.54989
1.56195
1.5773
1.59204
1.60222
1.60446
1.59654
1.57817
1.55164
1.5218
1.4951
1.47748
1.47231
1.47946
1.49605
1.51804
1.54162
1.56418
1.58439
1.60179
1.6161
1.62667
1.63242
1.63242
1.62675
1.61716
1.6066
1.59768
1.5915
1.58812
1.58785
1.59158
1.59952
1.61031
1.62161
1.63132
1.6382
1.64164
1.64162
1.63873
1.63405
1.62839
1.62161
1.61265
1.60021
1.58395
1.56575
1.55027
1.54297
1.54575
1.55462
1.56326
1.56814
1.56996
1.57093
1.57204
1.57268
1.57246
1.57349
1.58047
1.59646
1.6179
1.63621
1.64432
1.64054
1.62843
1.61441
1.60446
1.60087
1.6014
1.60163
1.59799
1.58963
1.57911
1.57159
1.57198
1.58135
1.59626
1.6117
1.6241
1.63213
1.63625
1.63789
1.63828
1.6373
1.63305
1.62297
1.60559
1.58176
1.55464
1.52858
1.5071
1.49144
1.48127
1.47647
1.47812
1.48748
1.50414
1.5252
1.5461
1.5624
1.57143
1.57333
1.57116
1.56969
1.57294
1.58226
1.59593
1.61041
1.62191
1.6275
1.62605
1.61867
1.6088
1.60104
1.59882
1.60216
1.6074
1.60931
1.60382
1.58978
1.56903
1.54559
1.52443
1.51023
1.50647
1.51487
1.53522
1.56544
1.60181
1.63949
1.67323
1.69801
1.70974
1.70583
1.68593
1.65245
1.61105
1.56984
1.53686
1.51668
1.50886
1.5095
1.51397
1.51867
1.52139
1.5206
1.5154
1.50596
1.49374
1.4808
1.46895
1.45916
1.45176
1.44704
1.44578
1.44879
1.45604
1.4665
1.47892
1.49201
1.50372
1.51155
1.51421
1.51236
1.50772
1.50202
1.49672
1.49279
1.49008
1.48681
1.48029
1.46867
1.45249
1.43463
1.41872
1.40721
1.40107
1.40069
1.40637
1.4181
1.43525
1.45635
1.47893
1.4997
1.51529
1.52292
1.52081
1.50911
1.49161
1.47574
1.46802
1.46922
1.47608
1.48582
1.49704
1.50854
1.51914
1.5287
1.53796
1.54692
1.55384
1.55647
1.55392
1.54728
1.53946
1.53533
1.54001
1.55392
1.57146
1.58613
1.59487
1.59756
1.59482
1.58703
1.57428
1.557
1.53617
1.51307
1.48946
1.46836
1.4544
1.45257
1.46572
1.49258
1.52786
1.56419
1.59467
1.61448
1.6214
1.61548
1.59828
1.57222
1.54027
1.50598
1.47413
1.45144
1.44562
1.46102
1.49457
1.53718
1.57916
1.61345
1.63599
1.64516
1.64149
1.62737
1.60678
1.58503
1.56832
1.56225
1.56931
1.58738
1.6107
1.63247
1.64665
1.64895
1.63723
1.61192
1.57625
1.53596
1.498
1.46853
1.45122
1.44664
1.45292
1.46709
1.48629
1.50781
1.52869
1.54619
1.55883
1.56691
1.57179
1.57473
1.57641
1.57714
1.57728
1.5772
1.57663
1.57448
1.56925
1.55985
1.54578
1.52699
1.50478
1.48317
1.46855
1.46641
1.47853
1.50211
1.52934
1.54933
1.55294
1.53693
1.50436
1.46244
1.42035
1.38773
1.37268
1.37829
1.4007
1.43164
1.46273
1.4881
1.50509
1.51389
1.51662
1.51597
1.51392
1.51107
1.50684
1.50046
1.49223
1.48396
1.47796
1.47525
1.47445
1.47288
1.46867
1.46209
1.45533
1.45135
1.45247
1.45942
1.47113
1.48563
1.50143
1.51852
1.53854
1.56317
1.59093
1.61612
1.63195
1.63404
1.62199
1.59914
1.57135
1.54494
1.5246
1.51277
1.51
1.51552
1.52783
1.54507
1.56485
1.5843
1.60044
1.61005
1.60965
1.5963
1.56875
1.52842
1.47975
1.42976
1.38668
1.35771
1.34679
1.35338
1.37349
1.40186
1.43322
1.4628
1.48733
1.5058
1.51902
1.52834
1.53533
1.54212
1.55152
1.56641
1.5885
1.61659
1.64631
1.67209
1.68977
1.69782
1.69672
1.68817
1.67439
1.65792
1.64133
1.62677
1.61579
1.60899
1.60553
1.60323
1.59975
1.59422
1.58752
1.58148
1.57803
1.57852
1.58339
1.59209
1.60328
1.61536
1.62709
1.6378
1.64688
1.65306
1.65432
1.64849
1.63462
1.61386
1.58965
1.56666
1.54887
1.53775
1.53198
1.52911
1.52749
1.52703
1.52885
1.5343
1.54386
1.55679
1.57133
1.58526
1.59637
1.60297
1.60453
1.60189
1.5969
1.59126
1.5856
1.57911
1.49214
1.4827
1.47349
1.46667
1.46286
1.45984
1.45433
1.44443
1.43084
1.41681
1.40718
1.40611
1.41444
1.4292
1.44526
1.45775
1.46336
1.46105
1.45209
1.43991
1.42993
1.42826
1.43879
1.46081
1.48991
1.52049
1.54747
1.56701
1.57717
1.57834
1.5729
1.5637
1.55218
1.53789
1.51981
1.49824
1.47588
1.45758
1.44885
1.45322
1.4701
1.49498
1.52211
1.547
1.56761
1.58403
1.59743
1.60857
1.6165
1.61827
1.61037
1.59103
1.56207
1.5289
1.49815
1.47441
1.45855
1.44911
1.44473
1.44496
1.44909
1.4552
1.46114
1.46608
1.47061
1.47546
1.48017
1.48293
1.48173
1.4764
1.46944
1.46462
1.46376
1.46508
1.46515
1.46128
1.45284
1.44182
1.43212
1.42649
1.4235
1.41857
1.40834
1.39323
1.37649
1.36186
1.35241
1.35054
1.35804
1.37518
1.39984
1.4276
1.45314
1.47208
1.48214
1.48332
1.47742
1.46745
1.457
1.44938
1.44685
1.45015
1.45838
1.46963
1.48171
1.49251
1.50038
1.50452
1.50521
1.50313
1.49808
1.48885
1.47443
1.45559
1.43542
1.41813
1.40692
1.40278
1.40568
1.41616
1.43461
1.45896
1.48456
1.50701
1.52415
1.5357
1.54161
1.54091
1.53196
1.51377
1.48711
1.45489
1.42155
1.39154
1.36769
1.35036
1.33797
1.32822
1.31932
1.31061
1.3026
1.29633
1.2921
1.28895
1.28534
1.28068
1.27585
1.27213
1.27025
1.27036
1.27302
1.27983
1.2928
1.31283
1.33882
1.36798
1.39681
1.42198
1.44108
1.45333
1.45966
1.46178
1.46097
1.45736
1.45075
1.44217
1.43414
1.4292
1.42807
1.42983
1.43365
1.43972
1.44851
1.45948
1.47088
1.4807
1.48765
1.49141
1.49221
1.49072
1.48822
1.48632
1.48619
1.48748
1.48823
1.48588
1.47897
1.46879
1.45977
1.45711
1.46282
1.47437
1.48736
1.49885
1.50816
1.51571
1.5218
1.5264
1.52937
1.53097
1.53193
1.53335
1.53681
1.54409
1.55567
1.56935
1.58076
1.58586
1.5835
1.57649
1.57
1.56785
1.56993
1.57355
1.57634
1.57765
1.57833
1.57982
1.58308
1.5881
1.59405
1.59974
1.60371
1.60404
1.59857
1.58578
1.56666
1.54608
1.53182
1.53024
1.54096
1.55649
1.56772
1.56932
1.56153
1.54871
1.53613
1.52648
1.51851
1.50892
1.4951
1.47668
1.45565
1.43554
1.42025
1.41274
1.41405
1.42298
1.43687
1.45271
1.46849
1.48362
1.49878
1.51495
1.5326
1.55131
1.57
1.58721
1.60146
1.61144
1.61627
1.61581
1.6106
1.60114
1.58738
1.56926
1.54817
1.52815
1.51478
1.51207
1.51974
1.53344
1.54723
1.55614
1.55754
1.55121
1.5388
1.52311
1.50733
1.49503
1.48953
1.49265
1.50328
1.51735
1.52965
1.53586
1.53367
1.52262
1.50378
1.48
1.45565
1.43497
1.42018
1.41144
1.40833
1.4107
1.41789
1.42783
1.43772
1.44568
1.45171
1.45706
1.46312
1.47055
1.47919
1.48816
1.49638
1.50313
1.50842
1.51301
1.51763
1.52202
1.52463
1.52342
1.51697
1.5053
1.48997
1.47407
1.46142
1.45499
1.45503
1.45873
1.46184
1.46108
1.45546
1.44617
1.43585
1.42742
1.42301
1.42322
1.42722
1.43348
1.44034
1.44631
1.4502
1.45127
1.44951
1.44596
1.44267
1.44202
1.44546
1.4524
1.46024
1.46571
1.46664
1.46298
1.45674
1.45113
1.44919
1.45254
1.46108
1.47361
1.48857
1.5043
1.51884
1.52999
1.53571
1.53492
1.52832
1.51896
1.51174
1.51141
1.51981
1.53429
1.54887
1.55709
1.55426
1.5383
1.51005
1.47316
1.43391
1.39994
1.37821
1.37212
1.37972
1.39502
1.41168
1.4261
1.43787
1.44835
1.45896
1.47009
1.48096
1.49041
1.49759
1.50249
1.50578
1.50839
1.51101
1.51364
1.51567
1.51645
1.51606
1.51602
1.51896
1.52717
1.54076
1.55686
1.57056
1.57703
1.57353
1.56059
1.54209
1.5236
1.50927
1.49972
1.49311
1.48801
1.48481
1.48489
1.48896
1.49642
1.50608
1.51728
1.52965
1.54178
1.55037
1.5513
1.54143
1.51985
1.48807
1.44955
1.40924
1.3735
1.34945
1.34207
1.35118
1.37244
1.40093
1.43285
1.46485
1.49362
1.51664
1.5328
1.54208
1.54498
1.54223
1.53498
1.52483
1.51373
1.50367
1.49613
1.49152
1.48893
1.48658
1.48308
1.47883
1.4764
1.47908
1.48856
1.50382
1.52199
1.53965
1.55335
1.55988
1.55681
1.54327
1.52052
1.49186
1.46179
1.43466
1.41355
1.39966
1.39267
1.39167
1.39579
1.40403
1.41458
1.42468
1.43127
1.43223
1.42729
1.41833
1.4089
1.40301
1.4038
1.41231
1.427
1.44436
1.46052
1.47291
1.48111
1.48636
1.49051
1.49527
1.5019
1.51073
1.52088
1.53054
1.53792
1.54212
1.54319
1.54169
1.53805
1.53227
1.52398
1.51319
1.50115
1.49053
1.48405
1.48256
1.48446
1.48697
1.4875
1.48401
1.47486
1.45862
1.43465
1.40373
1.36945
1.34001
1.32717
1.33884
1.37138
1.412
1.4486
1.47528
1.49118
1.4974
1.49565
1.48794
1.47682
1.46503
1.45482
1.44737
1.44257
1.43886
1.43337
1.4233
1.40892
1.39552
1.39025
1.39594
1.40954
1.42634
1.44354
1.46018
1.47569
1.48923
1.49975
1.50642
1.5089
1.50739
1.50272
1.49626
1.48967
1.48434
1.4808
1.4781
1.47433
1.46805
1.45962
1.45104
1.44466
1.44195
1.44293
1.44621
1.44965
1.45149
1.45124
1.4499
1.44947
1.45227
1.46028
1.47434
1.4933
1.51407
1.53264
1.54533
1.54974
1.54504
1.53196
1.51299
1.49222
1.47458
1.46469
1.46551
1.47678
1.49438
1.51216
1.52472
1.52886
1.52376
1.5107
1.49237
1.47212
1.45392
1.44255
1.44316
1.45903
1.48914
1.52752
1.56604
1.5981
1.62038
1.63235
1.63499
1.63003
1.61962
1.60616
1.59169
1.57744
1.5635
1.54956
1.53641
1.52685
1.52454
1.5315
1.54606
1.56365
1.57925
1.58941
1.59277
1.58938
1.57981
1.56462
1.54492
1.52374
1.50615
1.49606
1.49326
1.49457
1.49683
1.49807
1.49765
1.49651
1.49683
1.50067
1.50857
1.51915
1.52988
1.53807
1.54162
1.53941
1.53147
1.519
1.50418
1.48997
1.47967
1.47659
1.48349
1.50133
1.52818
1.5596
1.59041
1.61604
1.63318
1.64002
1.63645
1.62396
1.60512
1.58322
1.56177
1.54398
1.53201
1.52676
1.52842
1.53713
1.55255
1.57213
1.59006
1.59947
1.59639
1.58152
1.55918
1.53488
1.51274
1.49385
1.47648
1.45835
1.43891
1.42034
1.40625
1.39924
1.39985
1.4072
1.41972
1.4351
1.4503
1.46238
1.46981
1.47321
1.47472
1.47589
1.47623
1.47416
1.46892
1.46149
1.45404
1.44891
1.44788
1.45188
1.46063
1.47219
1.4831
1.48968
1.48981
1.4839
1.47426
1.46345
1.45261
1.4412
1.42818
1.414
1.40229
1.39976
1.41277
1.44214
1.48139
1.52099
1.55376
1.57672
1.59015
1.59601
1.59678
1.59491
1.59218
1.58899
1.58419
1.57598
1.56338
1.54741
1.53121
1.51882
1.51327
1.51494
1.52131
1.52823
1.53191
1.53051
1.52464
1.5165
1.50822
1.50065
1.49356
1.48674
1.4811
1.47858
1.48083
1.48754
1.49592
1.50215
1.50381
1.50076
1.49409
1.48455
1.4729
1.4617
1.45519
1.45623
1.46458
1.47812
1.49415
1.50967
1.52202
1.53022
1.53537
1.53966
1.54432
1.54833
1.54916
1.54516
1.53705
1.52702
1.51682
1.50683
1.49694
1.48734
1.47829
1.46892
1.45728
1.44175
1.42278
1.40337
1.38817
1.38184
1.38731
1.40455
1.43075
1.46122
1.49093
1.51561
1.53234
1.53953
1.53688
1.52525
1.50687
1.48512
1.46391
1.44677
1.43622
1.43361
1.43965
1.45535
1.48178
1.5175
1.55704
1.59288
1.61873
1.63104
1.62871
1.61271
1.58607
1.55355
1.52035
1.49033
1.46481
1.44282
1.42267
1.40399
1.38936
1.3842
1.39347
1.4168
1.44788
1.47915
1.5063
1.52854
1.54664
1.56122
1.57225
1.57927
1.58151
1.57794
1.56758
1.54993
1.52553
1.49625
1.46547
1.43755
1.41653
1.40489
1.40313
1.40991
1.42275
1.43911
1.4572
1.47581
1.49402
1.51099
1.52616
1.53943
1.55147
1.56363
1.57727
1.59274
1.60866
1.62254
1.63189
1.63525
1.63255
1.62491
1.6145
1.60407
1.59623
1.59213
1.59035
1.58736
1.57962
1.56556
1.54631
1.52465
1.50357
1.48555
1.47238
1.46522
1.46488
1.47191
1.48628
1.5067
1.53025
1.5528
1.56996
1.57818
1.57593
1.5645
1.5477
1.53034
1.51628
1.50734
1.5032
1.502
1.50176
1.50209
1.50452
1.51114
1.52282
1.53834
1.55484
1.56883
1.57724
1.57782
1.56972
1.55372
1.53222
1.50886
1.48787
1.47299
1.46622
1.46648
1.46965
1.47024
1.46422
1.45171
1.43831
1.43259
1.43925
1.45434
1.46945
1.47956
1.48541
1.48979
1.49415
1.49878
1.5039
1.50963
1.51517
1.51876
1.5187
1.5142
1.50571
1.49474
1.48347
1.47435
1.46963
1.47034
1.47521
1.48093
1.48413
1.48328
1.47877
1.47197
1.46448
1.45739
1.4507
1.44326
1.43374
1.4222
1.41099
1.40455
1.40763
1.42277
1.44849
1.47969
1.51024
1.53539
1.55272
1.56181
1.5637
1.56033
1.55362
1.54442
1.53251
1.51764
1.50069
1.48374
1.46914
1.45862
1.4529
1.45214
1.45652
1.46665
1.48332
1.50669
1.53574
1.56826
1.60146
1.63278
1.66024
1.68242
1.69815
1.70649
1.70701
1.70013
1.68731
1.67052
1.65129
1.6302
1.60713
1.58187
1.5544
1.52507
1.49506
1.46692
1.44441
1.43089
1.42741
1.43251
1.44381
1.45962
1.47912
1.50151
1.52516
1.54727
1.56443
1.57374
1.57423
1.56783
1.55916
1.55384
