95.14
80.36
85.04
82.96
92.32
94.46
99.66
91.68
115.02
94.84
99.34
101.48
112.64
75.58
111.5
104.48
109.78
91.84
85.44
133.18
98.98
80.84
116.28
109.62
114.9
123.66
92.84
93.86
122
128.62
92.62
82.1
86.16
109.84
99.34
91.22
93.32
106.94
101.02
81.22
123.52
86.06
102.96
100.4
95.06
103.88
102.38
109.9
89.32
110.16
119.66
101.44
88.32
101.56
80.08
90.22
99.22
109.7
97.4
94.98
105.2
81.78
103.9
104.64
103.66
107.88
95.96
80.6
91.58
111.84
84.28
121.04
83.94
92.34
96.5
124.3
100.88
94.8
129.96
127.3
104.96
86.2
81.16
93.84
86.48
94.96
83.8
104.38
108.94
117.9
94.16
89.02
96.78
98.16
80.76
84.26
102
90.36
107
115.44
