0.0828748 0.00686822 0
0.0827378 0.00684556 0.000136953
0.0830341 0.00689485 0.000306679
0.0828705 0.00686774 0.000271642
0.0830778 0.00690226 0.000295343
0.0832224 0.00692636 0.000281197
0.0833621 0.00694969 0.000275666
0.0833803 0.00695267 0.000239425
0.083403 0.00695643 0.000212376
0.0833845 0.00695329 0.00019086
0.0834322 0.00696126 0.000179131
0.08332 0.00694265 0.000198339
0.0832629 0.00693315 0.00019116
0.0833108 0.00694112 0.000183326
0.0833125 0.00694138 0.000170676
0.0833037 0.00693988 0.000159898
0.0833009 0.00693939 0.000150224
0.0833454 0.00694684 0.00014848
0.0833225 0.00694301 0.000142306
0.0833562 0.00694863 0.000139151
0.0833228 0.00694307 0.000136508
0.0833673 0.00695051 0.000137546
0.0833762 0.00695197 0.000131728
0.0833348 0.00694509 0.000132737
0.083313 0.00694145 0.000129174
0.0833576 0.00694893 0.000131903
0.0834211 0.0069596 0.000141898
0.0834321 0.00696142 0.000137176
0.0834327 0.00696151 0.000132363
0.0834667 0.00696719 0.000132296
0.083445 0.00696357 0.000129784
0.0834257 0.00696035 0.000127125
0.0834189 0.0069592 0.000123402
0.0834275 0.00696063 0.000120028
0.0834003 0.0069561 0.00011968
0.0834108 0.00695784 0.000116777
0.0833896 0.0069543 0.000115545
0.0833903 0.0069544 0.000112465
0.0834569 0.00696568 0.000128221
0.0834572 0.00696572 0.000124975
0.0834344 0.00696191 0.000124011
0.0834414 0.00696307 0.000121228
0.0834446 0.00696359 0.000118418
0.0834685 0.0069676 0.000118147
0.0834381 0.00696254 0.000119447
0.0834392 0.00696272 0.000116827
0.0834422 0.00696319 0.000114352
0.0834408 0.00696296 0.000111953
0.0834289 0.00696096 0.000110292
0.0834142 0.00695851 0.000109055
0.083445 0.00696369 0.000111243
0.0834396 0.00696278 0.000109217
0.0834536 0.00696511 0.000108045
0.0834334 0.00696175 0.000107932
0.0834147 0.00695863 0.000107588
0.0834164 0.0069589 0.000105663
0.0834274 0.00696075 0.000104381
0.0834556 0.00696547 0.000106351
0.0834321 0.00696157 0.00010714
0.0834573 0.00696581 0.000108318
0.083433 0.00696179 0.000109251
0.0834308 0.00696141 0.000107497
0.0834246 0.00696035 0.000105964
0.0834313 0.00696147 0.000104512
0.083441 0.00696309 0.00010335
0.0834616 0.00696653 0.000103827
0.0834487 0.00696439 0.000103072
0.0834379 0.00696258 0.000102121
0.0834377 0.00696253 0.00010063
0.0834332 0.00696178 9.92818e-05
0.0834092 0.00695781 0.000100775
0.0833895 0.00695455 0.000101291
0.0833863 0.00695399 9.99467e-05
0.0833874 0.00695417 9.85935e-05
0.0833728 0.00695175 9.83577e-05
0.0833588 0.00694942 9.80616e-05
0.0833585 0.00694936 9.67801e-05
0.0833597 0.00694955 9.55389e-05
0.0833489 0.00694774 9.49417e-05
0.0833499 0.0069479 9.37524e-05
0.0833427 0.00694669 9.28664e-05
0.0833352 0.00694544 9.20335e-05
0.0833577 0.00694922 9.36602e-05
0.0833586 0.00694936 9.25426e-05
0.0833554 0.00694883 9.15003e-05
0.0833519 0.00694824 9.04994e-05
0.083348 0.00694757 8.95392e-05
0.0833412 0.00694644 8.87749e-05
0.0833515 0.00694817 8.83786e-05
0.0833564 0.00694898 8.75285e-05
0.0833615 0.00694982 8.67095e-05
0.0833611 0.00694974 8.57627e-05
0.0833605 0.00694963 8.48381e-05
0.0833858 0.00695391 8.76725e-05
0.0833754 0.00695218 8.73622e-05
0.0833799 0.00695292 8.65637e-05
0.0833598 0.0069496 8.79921e-05
0.0833585 0.00694938 8.70996e-05
0.0833583 0.00694934 8.62155e-05
0.083354 0.00694861 8.54596e-05
0.083373 0.00695181 8.67253e-05
0.0833704 0.00695137 8.59102e-05
0.0833664 0.0069507 8.51652e-05
0.0833601 0.00694964 8.45804e-05
0.0833603 0.00694967 8.37714e-05
0.083355 0.00694878 8.315e-05
0.0833486 0.0069477 8.26182e-05
0.0833468 0.00694741 8.18679e-05
0.083342 0.00694661 8.12544e-05
0.08335 0.00694794 8.09097e-05
0.0833442 0.00694696 8.03924e-05
0.0833506 0.00694804 7.99336e-05
0.0833528 0.00694839 7.92516e-05
0.0833424 0.00694667 7.92324e-05
0.0833457 0.00694721 7.86085e-05
0.0833435 0.00694684 7.79574e-05
0.0833452 0.00694711 7.73056e-05
0.0833404 0.00694631 7.67984e-05
0.0833476 0.00694752 7.6497e-05
0.0833482 0.0069476 7.58587e-05
0.0833514 0.00694814 7.52985e-05
0.0833665 0.00695067 7.61844e-05
0.0833537 0.00694856 7.66345e-05
0.0833555 0.00694885 7.60345e-05
0.0833655 0.00695053 7.60878e-05
0.0833537 0.00694857 7.63973e-05
0.0833423 0.00694669 7.6641e-05
0.0833335 0.00694521 7.65579e-05
0.0833286 0.0069444 7.61169e-05
0.0833332 0.00694516 7.56688e-05
0.0833365 0.00694571 7.51632e-05
0.0833366 0.00694572 7.45916e-05
0.0833314 0.00694485 7.42109e-05
0.0833334 0.00694518 7.36819e-05
0.0833353 0.00694549 7.31587e-05
0.0833384 0.00694599 7.26835e-05
0.0833363 0.00694565 7.21792e-05
0.083329 0.00694444 7.20265e-05
0.0833317 0.00694487 7.15556e-05
0.0833313 0.00694482 7.10434e-05
0.0833311 0.00694476 7.05383e-05
0.083335 0.00694541 7.01474e-05
0.0833364 0.00694564 6.967e-05
0.0833367 0.00694569 6.91852e-05
0.0833279 0.00694422 6.9275e-05
0.0833196 0.00694285 6.92953e-05
0.0833164 0.00694232 6.88936e-05
0.0833112 0.00694145 6.86264e-05
0.0833017 0.00693987 6.88252e-05
0.0833013 0.0069398 6.83661e-05
