0.501822 0.251825 0
0.500355 0.250357 0.00146666
0.50228 0.252294 0.00210283
0.500342 0.25036 0.00244277
0.499929 0.249944 0.00193673
0.500542 0.250557 0.00169616
0.501147 0.251163 0.00155589
0.501354 0.251369 0.00136319
0.50189 0.251907 0.0013164
0.502576 0.252599 0.00136259
0.501607 0.251634 0.00156775
0.501908 0.251935 0.00146254
0.501192 0.251222 0.00152397
0.501385 0.251413 0.00142399
0.50145 0.251477 0.00132726
0.501174 0.251199 0.00127193
0.50122 0.251244 0.00119567
0.501004 0.251027 0.00114788
0.501078 0.251101 0.00108834
0.501359 0.251383 0.00106998
0.501184 0.251207 0.00103263
0.501111 0.251132 0.000987328
0.500778 0.250801 0.00100032
0.500618 0.25064 0.000971039
0.500579 0.2506 0.000932219
0.500672 0.250692 0.000900476
0.500639 0.250659 0.000867115
0.5007 0.250719 0.000837804
0.500846 0.250865 0.00082145
0.500842 0.250861 0.000793606
0.500859 0.250878 0.000767782
0.500838 0.250856 0.000743707
0.500859 0.250877 0.000721131
0.500732 0.250749 0.000711159
0.500563 0.250581 0.000710803
0.500634 0.250652 0.000694459
0.500749 0.250767 0.000685089
0.500852 0.250869 0.00067467
0.500757 0.250774 0.000663932
0.500929 0.250947 0.000669556
0.501042 0.251061 0.00066277
0.501216 0.251236 0.000669701
0.501223 0.251242 0.000653979
0.501183 0.251202 0.000640179
0.501155 0.251173 0.000626441
0.501155 0.251173 0.000612672
0.501203 0.251221 0.000601424
0.50104 0.251059 0.000610787
0.500889 0.250908 0.000617059
0.5008 0.250819 0.000611169
0.500817 0.250836 0.000599324
0.500695 0.250713 0.000600333
0.50078 0.250799 0.000595028
0.50075 0.250768 0.000584683
0.500759 0.250777 0.000574024
0.500865 0.250883 0.000573563
0.500836 0.250855 0.000564124
0.500978 0.250997 0.000572094
0.500983 0.251003 0.000562342
0.500886 0.250905 0.000561402
0.500918 0.250937 0.00055305
0.500962 0.250981 0.000545853
0.500952 0.250971 0.000537221
0.500944 0.250962 0.000528825
0.500846 0.250865 0.000529699
0.500782 0.250801 0.000525477
0.500852 0.250871 0.000522312
0.500905 0.250924 0.000517286
0.500868 0.250887 0.00051107
0.500819 0.250838 0.000506102
0.500721 0.250739 0.000508601
0.500614 0.250633 0.000512651
0.500544 0.250563 0.000510447
0.500604 0.250624 0.000507129
0.500602 0.250621 0.000500329
0.500549 0.250568 0.000496468
0.500514 0.250533 0.00049123
0.500536 0.250554 0.000485373
0.500549 0.250568 0.000479374
0.500478 0.250496 0.000478713
0.500432 0.250451 0.000474948
0.500438 0.250456 0.000469154
0.500481 0.250499 0.000465437
0.500472 0.25049 0.00045995
0.500453 0.250471 0.000454894
0.500436 0.250453 0.00044991
0.500452 0.250469 0.000445003
0.500458 0.250475 0.000439963
0.50049 0.250507 0.000436163
0.50045 0.250467 0.000433171
0.50044 0.250457 0.000428486
0.500387 0.250403 0.000427209
0.500356 0.250373 0.000423691
0.500312 0.250329 0.00042145
0.500268 0.250284 0.000419359
0.500271 0.250288 0.000414982
0.500239 0.250255 0.000411958
0.500231 0.250247 0.000407804
0.500217 0.250233 0.00040392
0.500189 0.250205 0.000400791
0.500192 0.250208 0.000396814
0.500238 0.250254 0.000395509
0.500238 0.250254 0.00039165
0.500242 0.250258 0.000387889
0.500282 0.250297 0.000386216
0.500279 0.250294 0.000382569
0.500278 0.250293 0.000378977
0.500302 0.250317 0.000376211
0.500344 0.250359 0.00037515
0.500316 0.250331 0.000372785
0.50033 0.250345 0.000369672
0.500325 0.25034 0.00036639
0.500331 0.250346 0.000363179
0.500327 0.250342 0.000359998
0.500303 0.250318 0.000357669
0.500311 0.250325 0.000354659
0.500293 0.250307 0.000352062
0.500274 0.250288 0.000349603
0.500229 0.250244 0.000349485
0.500262 0.250277 0.00034815
0.500235 0.25025 0.00034632
0.500219 0.250233 0.000343872
0.500228 0.250242 0.000341186
0.500192 0.250206 0.000340348
0.500192 0.250206 0.000337614
0.500162 0.250177 0.000336227
0.500159 0.250173 0.000333591
0.500117 0.250131 0.000333557
0.500066 0.25008 0.000334931
0.500087 0.250101 0.000333004
0.50009 0.250104 0.000330464
0.500098 0.250112 0.000328054
0.500104 0.250118 0.000325644
0.500098 0.250112 0.000323263
0.500061 0.250075 0.000323036
0.500104 0.250118 0.000323564
0.500119 0.250133 0.000321554
0.500129 0.250143 0.000319368
0.500093 0.250107 0.000319132
0.500104 0.250118 0.000317051
0.500102 0.250116 0.000314802
0.500134 0.250148 0.000314227
0.500129 0.250143 0.000312061
0.50018 0.250194 0.000313968
0.500176 0.25019 0.000311823
0.500172 0.250186 0.000309699
0.500141 0.250155 0.000309125
0.500138 0.250152 0.000307048
0.500117 0.250131 0.000305681
0.500113 0.250126 0.000303671
