15.7375 247.668 0
15.4157 237.747 0.321776
15.2814 233.627 0.229225
15.2701 233.255 0.162482
15.0083 225.586 0.290475
14.9337 223.326 0.248613
15.0223 225.981 0.228007
15.1611 230.266 0.241352
15.1115 228.738 0.218556
15.0817 227.81 0.197732
15.0003 225.396 0.196505
15.0214 226.001 0.180618
15.045 226.688 0.167805
15.0392 226.492 0.155464
14.9702 224.466 0.160352
14.9757 224.61 0.150099
14.8863 222.047 0.16697
14.9503 224.002 0.16994
14.9448 223.813 0.16084
14.9222 223.125 0.154252
14.9246 223.176 0.146743
14.9498 223.92 0.142152
14.9184 222.985 0.139416
14.9126 222.796 0.133605
14.915 222.853 0.128173
14.934 223.413 0.124597
14.9584 224.144 0.122358
14.9834 224.893 0.120512
14.9902 225.087 0.116486
14.9864 224.959 0.112602
14.9892 225.034 0.108947
15.0195 225.958 0.109731
15.0006 225.391 0.108015
15.0104 225.679 0.10525
15.0066 225.554 0.10227
14.9784 224.725 0.103326
14.9845 224.901 0.100683
14.9989 225.331 0.0990511
15.0039 225.471 0.0966046
15.0018 225.4 0.0941816
14.9777 224.692 0.0949668
14.9854 224.917 0.0929986
15.0048 225.505 0.092849
15.0258 226.149 0.0931314
15.0112 225.709 0.0922145
14.992 225.144 0.0921952
14.9914 225.115 0.0902148
14.9806 224.791 0.0889661
14.9524 223.976 0.0915995
14.9575 224.124 0.0898986
14.9619 224.249 0.0882275
14.9619 224.24 0.0865142
14.9604 224.189 0.084879
14.9531 223.964 0.083617
14.9689 224.447 0.0836063
14.9481 223.841 0.0846991
14.9539 224.009 0.0834006
14.9481 223.83 0.0821561
14.9646 224.332 0.0824154
14.9475 223.833 0.0827997
14.9364 223.502 0.0821874
14.9388 223.567 0.080886
14.938 223.535 0.0795962
14.9519 223.959 0.0795775
14.9672 224.426 0.0798283
14.9615 224.25 0.0788212
14.9692 224.48 0.0780236
14.9669 224.403 0.0769048
14.9689 224.459 0.0758097
14.964 224.308 0.0748791
14.9742 224.615 0.0745166
14.9988 225.392 0.0774973
15.0105 225.745 0.0773099
15.0134 225.826 0.0763127
15.0141 225.843 0.0752921
15.011 225.744 0.074361
15.0097 225.701 0.0733996
15.0147 225.846 0.0726203
15.0122 225.766 0.0717392
15.0162 225.884 0.0709519
15.0192 225.971 0.070136
15.0114 225.737 0.0697128
15.0098 225.683 0.0688869
15.0063 225.575 0.0681512
14.9998 225.378 0.0676613
14.9937 225.194 0.067145
14.9844 224.92 0.0670114
14.9816 224.832 0.0663048
14.9827 224.858 0.0655634
14.981 224.804 0.0648523
14.9748 224.619 0.0644314
14.9735 224.576 0.0637404
14.9743 224.596 0.0630561
14.9757 224.633 0.062397
14.98 224.759 0.0618845
14.9891 225.037 0.0619144
15.0031 225.474 0.0628617
15.0026 225.453 0.0622194
14.9993 225.353 0.0616739
14.9914 225.117 0.0615667
14.9915 225.116 0.0609541
14.9965 225.265 0.0605605
15.001 225.4 0.060144
15.0047 225.509 0.059677
15.0121 225.733 0.0595679
15.0165 225.864 0.0591669
15.0043 225.51 0.0598665
14.9969 225.289 0.0597762
15.0038 225.497 0.0596234
15.0142 225.818 0.0599929
15.0144 225.822 0.0594505
15.0121 225.75 0.0589629
15.0099 225.68 0.058482
15.0206 226.011 0.0589489
15.0109 225.726 0.0592386
15.0166 225.898 0.0590025
15.0113 225.74 0.0587296
15.014 225.818 0.0582916
15.0134 225.797 0.0578027
15.0168 225.897 0.0574189
15.0165 225.883 0.0569435
15.0138 225.802 0.0565361
15.024 226.117 0.0569912
15.0297 226.287 0.0568106
15.0248 226.142 0.0565621
15.0198 225.991 0.0563339
15.0208 226.018 0.0558971
15.0177 225.923 0.0555442
15.0074 225.625 0.0560647
15.0138 225.82 0.0560008
15.0125 225.776 0.0555879
15.0197 225.996 0.0556298
15.0213 226.042 0.0552344
15.0291 226.281 0.0553679
15.0271 226.22 0.0549898
15.0293 226.282 0.0546259
15.0359 226.485 0.0546298
15.0473 226.842 0.0554143
15.0532 227.022 0.0553319
15.0477 226.856 0.055216
15.0436 226.733 0.054974
15.0449 226.771 0.0546022
15.0488 226.886 0.0543562
15.055 227.077 0.0543374
15.0592 227.203 0.0541249
15.062 227.285 0.0538254
15.0641 227.345 0.053498
15.0687 227.483 0.0533319
15.0688 227.484 0.0529729
15.0705 227.533 0.052646
15.0669 227.422 0.0524236
15.0612 227.255 0.0523819
15.0608 227.238 0.0520404
15.0573 227.132 0.0518193
15.0588 227.175 0.0515061
15.0549 227.059 0.05132
15.0553 227.068 0.0509936
15.0496 226.899 0.050989
15.0513 226.947 0.0506946
15.0506 226.925 0.050381
15.0392 226.599 0.0513638
15.0327 226.407 0.0514598
15.0352 226.482 0.0512061
15.0331 226.418 0.0509345
15.0344 226.454 0.0506407
15.0315 226.366 0.0504178
15.0327 226.4 0.0501299
15.0279 226.257 0.0500599
15.0302 226.323 0.0498129
15.0293 226.293 0.0495275
15.0307 226.336 0.0492595
15.0317 226.363 0.0489817
15.0307 226.331 0.0487074
15.0376 226.544 0.048914
15.0367 226.513 0.048643
15.0371 226.522 0.0483673
15.0378 226.543 0.0480994
15.0387 226.569 0.047837
15.0424 226.68 0.0477129
15.038 226.547 0.0476586
15.033 226.4 0.0476528
15.0296 226.298 0.0475109
15.0294 226.29 0.047251
15.0267 226.206 0.047075
15.0269 226.211 0.0468205
15.0296 226.291 0.0466449
15.0282 226.248 0.0464147
15.029 226.269 0.0461734
15.0312 226.334 0.0459813
15.0254 226.166 0.0460962
15.0279 226.237 0.0459174
15.0282 226.244 0.0456787
15.0299 226.296 0.0454763
15.0306 226.315 0.0452463
15.029 226.265 0.0450424
15.0283 226.241 0.0448181
15.0264 226.184 0.0446279
15.0272 226.204 0.0444077
15.0322 226.357 0.0444661
15.0322 226.356 0.0442432
15.0315 226.332 0.0440285
15.0337 226.4 0.0438699
15.0314 226.33 0.0437147
15.0308 226.31 0.0435038
15.0295 226.269 0.0433114
15.0315 226.328 0.0431461
15.0276 226.212 0.0431117
15.0287 226.242 0.0429163
15.0281 226.223 0.0427141
15.0289 226.244 0.0425168
15.0312 226.313 0.0423778
15.0292 226.253 0.0422235
15.0259 226.153 0.0421562
15.0284 226.229 0.0420356
15.0301 226.278 0.0418726
15.0257 226.15 0.0419031
15.0244 226.107 0.0417324
15.0225 226.051 0.0415817
15.0217 226.026 0.0413986
15.0193 225.952 0.0412836
15.0228 226.058 0.0412469
15.0212 226.011 0.0410896
15.0214 226.015 0.0409054
15.0249 226.121 0.0408732
15.0228 226.057 0.040746
15.0213 226.011 0.0405928
15.0239 226.088 0.0404936
15.0285 226.231 0.0405829
15.0244 226.109 0.0406147
15.025 226.124 0.0404415
15.0258 226.147 0.0402743
15.0286 226.232 0.0401993
15.0228 226.065 0.0404383
15.0177 225.915 0.040591
15.0139 225.803 0.0405948
15.0124 225.756 0.0404513
15.0135 225.787 0.0402945
15.0131 225.774 0.0401267
15.0131 225.773 0.0399585
15.0142 225.806 0.0398081
15.0168 225.883 0.0397264
15.0161 225.86 0.0395688
15.0172 225.893 0.0394226
15.0227 226.062 0.0396363
15.02 225.983 0.0395631
15.0194 225.963 0.0394068
15.0203 225.99 0.039258
15.0242 226.108 0.0392897
15.0293 226.265 0.039458
15.0293 226.263 0.0392998
15.0264 226.178 0.0392459
15.0219 226.045 0.0393549
15.0222 226.053 0.0392004
15.0209 226.015 0.0390659
15.0205 226.001 0.0389144
15.0216 226.03 0.0387754
15.02 225.984 0.0386538
15.0168 225.889 0.0386384
15.0196 225.973 0.0385902
15.0213 226.023 0.0384782
15.0188 225.949 0.0384085
15.0169 225.889 0.0383131
15.0136 225.791 0.0383101
15.0098 225.681 0.038348
15.0117 225.737 0.0382488
15.0086 225.645 0.0382308
15.0046 225.529 0.0382905
15.0063 225.578 0.0381828
15.0057 225.559 0.038045
15.0031 225.481 0.037995
15.0058 225.563 0.0379537
15.0054 225.548 0.0378168
15.0106 225.711 0.0380392
15.009 225.664 0.0379318
15.0086 225.649 0.0377963
15.0045 225.53 0.0378781
15.005 225.543 0.037744
15.0042 225.519 0.0376155
15.0049 225.537 0.0374861
15.0066 225.589 0.0373921
15.0101 225.696 0.0374228
15.0061 225.578 0.0375087
15.0072 225.612 0.0373945
15.006 225.575 0.0372821
15.007 225.603 0.0371638
15.0079 225.629 0.0370445
15.0079 225.626 0.0369153
15.005 225.54 0.0368988
15.0059 225.567 0.0367828
15.0093 225.672 0.0368142
15.0103 225.699 0.0367
15.0108 225.714 0.036578
15.0129 225.775 0.0365092
15.0132 225.785 0.0363868
15.0104 225.701 0.0363736
15.0094 225.67 0.0362643
15.008 225.626 0.0361707
15.0066 225.586 0.0360734
15.0046 225.526 0.0360081
15.006 225.565 0.035913
15.0037 225.496 0.0358689
15.0039 225.502 0.0357509
15.0062 225.57 0.0357037
15.01 225.688 0.0357897
15.01 225.686 0.0356721
15.0098 225.679 0.0355558
15.0122 225.753 0.0355234
15.0099 225.684 0.0354818
15.0067 225.589 0.0355152
15.0073 225.607 0.0354063
15.0082 225.634 0.0353043
15.0068 225.589 0.0352221
15.0067 225.586 0.0351094
15.0042 225.511 0.0350882
15.0015 225.43 0.035083
15.0032 225.481 0.0350135
15.0012 225.422 0.0349586
15.0048 225.534 0.0350385
15.0085 225.648 0.0351213
15.0077 225.623 0.0350201
15.0053 225.552 0.0349929
15.004 225.512 0.0349079
15.0054 225.552 0.0348252
15.0057 225.559 0.0347188
15.0043 225.518 0.034638
15.0039 225.503 0.0345346
15.0011 225.421 0.0345412
14.9999 225.385 0.0344555
15.001 225.416 0.0343669
14.998 225.329 0.0343912
14.9982 225.335 0.0342881
14.9976 225.315 0.0341908
14.9981 225.33 0.0340923
14.9981 225.328 0.0339901
14.9985 225.34 0.033891
14.9984 225.333 0.0337905
14.9958 225.256 0.0337911
14.9994 225.368 0.0338839
15.0031 225.483 0.0339877
15.0038 225.503 0.0338949
15.0039 225.506 0.0337956
15.0038 225.502 0.0336967
15.0006 225.408 0.0337523
15.0031 225.485 0.0337494
15.0045 225.526 0.0336799
15.0042 225.515 0.033584
15.0062 225.574 0.0335448
15.0059 225.564 0.0334497
15.0031 225.483 0.0334657
15.0022 225.454 0.0333832
15.0022 225.453 0.033288
15.0006 225.405 0.033232
14.9984 225.34 0.0332097
14.9983 225.335 0.033116
14.9967 225.288 0.0330583
14.997 225.296 0.0329666
14.998 225.327 0.0328902
14.9992 225.36 0.0328182
14.9994 225.365 0.0327272
15.0001 225.386 0.0326447
14.9982 225.33 0.0326098
14.9976 225.31 0.0325258
14.9984 225.332 0.0324456
14.9977 225.31 0.0323642
14.9969 225.285 0.0322855
14.9941 225.205 0.0323145
14.9934 225.182 0.0322341
14.9941 225.202 0.0321535
14.9955 225.244 0.0320976
14.9966 225.276 0.0320296
14.9961 225.261 0.031947
14.9982 225.324 0.0319286
15.0008 225.404 0.0319515
15.0008 225.401 0.031866
15.0003 225.387 0.031784
15.0015 225.423 0.0317218
15.0057 225.554 0.0319161
15.0043 225.511 0.0318635
15.0042 225.508 0.0317795
15.0029 225.467 0.031724
15.0032 225.477 0.0316427
15.0019 225.436 0.0315882
15.0041 225.504 0.0315837
15.0051 225.534 0.0315182
15.0047 225.521 0.0314391
15.0012 225.42 0.0315488
15.0008 225.405 0.0314707
14.9996 225.371 0.0314091
14.9987 225.342 0.0313433
14.998 225.322 0.0312691
14.9976 225.309 0.0311918
14.9971 225.29 0.0311176
14.9947 225.22 0.0311303
14.9935 225.185 0.0310719
14.9953 225.239 0.0310441
14.9938 225.192 0.0310044
14.9924 225.153 0.0309539
14.9925 225.152 0.030876
14.9913 225.118 0.0308195
14.9895 225.064 0.0307945
14.9896 225.065 0.0307176
14.9897 225.068 0.0306414
14.991 225.106 0.0305921
14.9909 225.103 0.0305163
14.9892 225.052 0.0304885
14.9871 224.988 0.0304892
14.984 224.899 0.0305695
14.986 224.961 0.0305617
14.9882 225.028 0.0305683
14.9865 224.977 0.0305417
14.9873 224.999 0.030476
14.9914 225.13 0.0306879
14.9878 225.025 0.0308296
14.9868 224.996 0.0307698
14.9887 225.051 0.0307498
14.9905 225.107 0.0307312
14.9889 225.06 0.0306976
14.9884 225.042 0.0306294
14.9877 225.021 0.030564
14.9859 224.967 0.0305444
14.9852 224.948 0.0304782
14.9866 224.988 0.0304361
14.9852 224.947 0.030395
14.9866 224.987 0.0303535
14.9858 224.962 0.0302929
14.9858 224.962 0.0302217
14.9878 225.024 0.0302198
14.9872 225.004 0.030156
14.9857 224.96 0.0301214
14.9857 224.958 0.0300513
14.9847 224.927 0.0299989
14.987 224.999 0.030023
14.9873 225.008 0.0299551
14.9882 225.033 0.0298982
14.9883 225.035 0.0298296
14.9902 225.091 0.0298185
14.9917 225.138 0.0297901
14.9908 225.111 0.0297351
14.9914 225.129 0.0296739
14.9929 225.173 0.0296422
14.995 225.237 0.0296501
14.9967 225.288 0.0296314
14.9993 225.369 0.029681
14.9999 225.385 0.0296191
14.9997 225.38 0.0295528
14.9983 225.336 0.0295217
14.9982 225.334 0.0294556
14.9962 225.274 0.0294579
14.9979 225.324 0.029438
14.996 225.27 0.0294294
14.9953 225.248 0.0293728
14.9944 225.219 0.0293228
14.9939 225.203 0.0292624
14.9933 225.186 0.0292031
14.9951 225.239 0.0291927
14.9954 225.249 0.0291304
14.9938 225.199 0.0291137
14.9929 225.173 0.0290632
14.995 225.238 0.0290795
14.9961 225.27 0.0290353
14.994 225.208 0.0290468
14.9947 225.229 0.0289928
14.9926 225.167 0.0290065
14.9905 225.105 0.0290224
14.9911 225.123 0.0289666
14.9916 225.137 0.0289087
14.9941 225.212 0.0289504
14.9951 225.244 0.0289078
14.9951 225.241 0.0288461
14.9952 225.246 0.0287852
14.9947 225.228 0.0287293
14.9944 225.219 0.0286698
14.9953 225.245 0.0286227
14.9968 225.291 0.0286022
14.9963 225.276 0.0285459
14.9961 225.269 0.0284866
14.9947 225.225 0.0284641
14.9972 225.302 0.0285138
14.9981 225.329 0.0284686
14.9966 225.285 0.0284482
14.9967 225.288 0.0283893
14.9983 225.335 0.0283726
14.9973 225.307 0.028329
14.9979 225.322 0.0282756
14.9979 225.321 0.0282173
14.9972 225.301 0.0281667
14.9976 225.312 0.0281117
14.9974 225.304 0.028055
14.9957 225.255 0.0280469
14.996 225.263 0.0279914
14.9956 225.25 0.0279376
14.9953 225.24 0.0278825
14.9954 225.242 0.027826
14.9952 225.236 0.0277701
14.9931 225.174 0.027796
14.9939 225.197 0.0277514
14.9943 225.21 0.027699
14.9931 225.175 0.0276684
14.9908 225.107 0.0277115
14.9906 225.099 0.0276569
14.9898 225.076 0.0276119
14.9885 225.037 0.0275876
14.9883 225.03 0.0275335
14.9892 225.055 0.0274925
14.9895 225.065 0.02744
14.9875 225.006 0.0274584
14.9865 224.975 0.0274237
14.9873 224.999 0.0273814
14.9874 225 0.0273276
14.9874 225.001 0.027274
14.9875 225.004 0.0272209
14.9888 225.041 0.0271957
14.9883 225.028 0.0271458
14.9901 225.082 0.0271508
14.9902 225.084 0.0270982
14.9911 225.109 0.0270587
14.9892 225.053 0.0270724
14.9894 225.06 0.0270213
14.9874 225 0.0270491
14.9879 225.017 0.0270035
14.9889 225.046 0.0269693
14.9891 225.05 0.0269181
14.9899 225.075 0.0268799
14.9933 225.182 0.0270418
14.9933 225.18 0.0269902
14.9907 225.106 0.027062
14.9888 225.05 0.0270773
14.9873 225.005 0.027068
14.9888 225.052 0.0270607
14.989 225.057 0.0270102
14.9877 225.017 0.0269931
14.9898 225.082 0.0270258
14.9902 225.093 0.0269778
14.9909 225.114 0.0269366
14.99 225.085 0.0269028
14.9904 225.098 0.0268563
14.9899 225.082 0.0268111
14.9897 225.074 0.0267623
14.9901 225.086 0.0267158
14.9895 225.069 0.0266724
14.9888 225.046 0.026633
14.9874 225.004 0.0266218
14.9862 224.969 0.0265989
14.9852 224.94 0.0265676
14.9869 224.99 0.0265707
14.9846 224.923 0.026623
14.9835 224.89 0.026597
14.9844 224.918 0.0265645
14.9839 224.902 0.0265211
14.9832 224.88 0.0264824
14.9836 224.894 0.0264388
14.982 224.846 0.026441
14.9833 224.885 0.0264251
14.9853 224.947 0.0264537
14.9853 224.946 0.026406
14.9845 224.92 0.0263722
14.9845 224.919 0.0263248
14.9841 224.908 0.0262801
14.983 224.874 0.0262572
14.9835 224.888 0.0262149
14.9832 224.881 0.0261691
14.984 224.904 0.0261341
14.9853 224.942 0.0261191
14.986 224.962 0.0260814
14.986 224.963 0.0260352
14.9874 225.005 0.0260259
14.9872 224.999 0.0259804
14.9873 225 0.0259346
14.9849 224.93 0.0260015
14.9846 224.921 0.0259572
14.9837 224.895 0.0259267
14.9833 224.883 0.0258841
14.9839 224.899 0.0258447
14.9857 224.955 0.0258644
14.9878 225.021 0.0259075
14.9866 224.985 0.0258903
14.9881 225.029 0.0258861
14.9876 225.014 0.0258458
14.9864 224.979 0.025828
14.9869 224.993 0.025788
14.9869 224.993 0.0257436
14.9873 225.002 0.0257014
14.9872 224.999 0.0256574
14.9881 225.026 0.0256295
14.9879 225.02 0.0255864
14.987 224.992 0.0255587
14.9869 224.989 0.0255153
14.9893 225.064 0.0255858
14.9914 225.128 0.0256277
14.9928 225.171 0.0256228
14.9932 225.182 0.0255823
14.994 225.205 0.0255512
14.994 225.206 0.0255081
14.9947 225.226 0.0254747
14.9926 225.164 0.0255217
14.9923 225.156 0.0254801
14.993 225.175 0.0254459
14.9927 225.167 0.0254046
14.9933 225.185 0.0253695
14.9929 225.172 0.0253303
14.9913 225.124 0.0253403
14.9903 225.096 0.0253164
14.9911 225.119 0.0252866
14.9907 225.106 0.0252478
14.9905 225.098 0.0252074
14.9907 225.104 0.0251668
14.9896 225.072 0.0251488
14.9896 225.072 0.0251074
14.9898 225.077 0.0250668
14.9897 225.071 0.0250262
14.9896 225.069 0.0249852
14.9889 225.048 0.0249544
14.988 225.02 0.0249312
14.9879 225.015 0.0248908
14.9881 225.024 0.0248521
14.9866 224.978 0.0248602
14.9877 225.011 0.0248444
14.9884 225.031 0.0248135
14.9884 225.031 0.0247734
14.989 225.048 0.0247406
14.9882 225.024 0.0247138
14.9874 225.001 0.0246851
14.9881 225.021 0.0246543
14.9883 225.027 0.0246157
14.9877 225.009 0.0245829
14.987 224.987 0.0245543
14.9882 225.022 0.0245419
14.9888 225.042 0.024512
14.9918 225.135 0.0246491
14.9918 225.136 0.02461
14.9916 225.13 0.0245717
14.9906 225.099 0.0245548
14.9906 225.097 0.024516
14.9888 225.045 0.024541
14.9887 225.042 0.0245025
14.9896 225.068 0.0244804
14.9889 225.048 0.0244515
14.9891 225.054 0.0244143
14.9886 225.036 0.0243832
14.988 225.02 0.024351
14.9892 225.056 0.0243419
14.9891 225.051 0.0243043
14.9887 225.041 0.0242688
14.9878 225.011 0.0242514
14.9884 225.03 0.0242226
14.987 224.99 0.0242238
14.9865 224.974 0.0241916
14.9866 224.974 0.0241543
14.9866 224.974 0.024117
14.986 224.956 0.0240873
14.9868 224.982 0.0240664
14.9884 225.029 0.0240788
14.9883 225.027 0.0240419
14.9892 225.054 0.0240214
14.9892 225.053 0.0239847
14.9897 225.067 0.0239526
14.9908 225.099 0.0239394
14.9913 225.115 0.0239098
14.9914 225.117 0.0238736
14.9921 225.138 0.0238471
14.9932 225.172 0.0238382
14.994 225.196 0.0238158
14.9925 225.151 0.0238304
14.9923 225.145 0.023795
14.9928 225.16 0.0237645
14.9897 225.072 0.0239372
14.9907 225.102 0.0239229
14.991 225.111 0.0238892
14.9922 225.147 0.0238829
14.9931 225.175 0.0238654
14.9929 225.167 0.023831
14.9938 225.194 0.0238121
14.9933 225.178 0.023782
14.9944 225.213 0.0237746
14.9953 225.239 0.0237549
14.9949 225.227 0.0237229
14.9961 225.264 0.0237198
14.996 225.26 0.0236851
14.9944 225.213 0.0237066
14.9938 225.195 0.0236786
14.9936 225.189 0.0236444
14.9931 225.172 0.0236169
14.9928 225.163 0.023584
14.9924 225.15 0.023553
14.9951 225.237 0.0236772
14.9948 225.226 0.0236451
14.9952 225.238 0.0236146
14.9968 225.287 0.0236332
14.9983 225.334 0.023648
14.9987 225.346 0.0236177
15.0003 225.394 0.0236342
14.9997 225.376 0.0236075
15.0002 225.39 0.0235783
14.9997 225.375 0.023549
14.9998 225.377 0.0235152
14.9988 225.348 0.0235011
14.9978 225.317 0.0234903
14.9982 225.329 0.0234598
14.9994 225.368 0.0234613
14.9997 225.374 0.0234288
14.999 225.354 0.0234046
14.9997 225.373 0.0233801
14.9989 225.349 0.0233598
14.9992 225.357 0.0233282
15.0003 225.393 0.023325
14.9999 225.381 0.0232954
14.9994 225.365 0.0232683
14.9982 225.329 0.0232673
14.9986 225.341 0.0232386
14.9989 225.349 0.0232074
14.9986 225.338 0.0231774
14.9998 225.377 0.0231807
14.9979 225.321 0.0232296
14.9986 225.341 0.0232063
15.0005 225.401 0.0232556
14.9999 225.383 0.0232307
15 225.385 0.0231983
15.001 225.414 0.0231868
15.0013 225.423 0.0231567
15.0011 225.417 0.0231254
15.0021 225.446 0.0231142
15.0009 225.412 0.0231115
14.9991 225.36 0.0231495
14.999 225.355 0.0231179
14.9985 225.34 0.023091
15 225.386 0.0231063
14.9993 225.366 0.0230841
14.9996 225.374 0.0230544
14.9985 225.343 0.0230469
14.9984 225.337 0.023016
14.9965 225.284 0.0230574
14.9957 225.259 0.0230409
14.9957 225.258 0.0230094
14.9952 225.244 0.0229827
14.9935 225.194 0.0230153
14.9943 225.219 0.0229989
14.995 225.239 0.0229772
14.9959 225.267 0.0229646
14.9946 225.229 0.0229702
14.9943 225.219 0.0229412
14.9942 225.214 0.0229106
14.9942 225.213 0.0228797
14.9935 225.192 0.0228599
14.9934 225.188 0.0228293
14.9929 225.173 0.0228045
14.9932 225.184 0.0227772
14.9929 225.174 0.022749
14.9927 225.166 0.0227197
14.9915 225.131 0.0227217
14.9909 225.112 0.0226995
14.991 225.117 0.0226698
14.9911 225.119 0.0226398
14.9902 225.091 0.0226285
14.9901 225.087 0.0225989
14.9914 225.127 0.0226061
14.9913 225.125 0.0225762
14.9911 225.118 0.0225476
14.9906 225.103 0.0225233
14.9908 225.106 0.022494
14.9906 225.1 0.0224652
14.9899 225.081 0.0224449
14.9884 225.037 0.0224653
14.9888 225.047 0.0224385
14.9895 225.07 0.0224223
14.9889 225.051 0.0224013
14.9886 225.04 0.0223751
14.9884 225.034 0.0223466
14.9879 225.02 0.0223222
14.988 225.022 0.0222933
14.9883 225.03 0.0222664
14.9895 225.067 0.02227
14.9893 225.059 0.0222424
14.9881 225.024 0.0222456
14.9883 225.032 0.0222185
14.9894 225.066 0.022217
14.9895 225.067 0.0221885
14.9889 225.048 0.0221691
14.99 225.081 0.0221679
14.9891 225.054 0.0221581
14.9893 225.06 0.0221309
14.989 225.051 0.0221044
14.9897 225.071 0.0220857
14.9894 225.063 0.022059
14.9886 225.037 0.0220469
14.9869 224.99 0.0220788
14.9869 224.988 0.0220508
14.9882 225.029 0.0220623
14.989 225.052 0.022048
14.9899 225.079 0.0220384
14.99 225.081 0.0220107
14.9889 225.049 0.0220103
14.989 225.054 0.0219832
14.9891 225.054 0.0219555
14.9893 225.06 0.0219289
14.9878 225.016 0.0219544
14.9884 225.035 0.0219365
14.9877 225.012 0.0219224
14.9877 225.014 0.0218951
14.9889 225.051 0.0219008
14.9888 225.046 0.0218739
14.989 225.052 0.0218476
14.9884 225.033 0.0218295
14.9887 225.042 0.0218046
14.9886 225.04 0.0217776
14.9881 225.024 0.0217563
14.9884 225.034 0.0217316
14.9895 225.064 0.0217279
14.9894 225.063 0.021701
14.9891 225.052 0.021677
14.991 225.111 0.0217309
14.9925 225.158 0.0217575
14.9936 225.193 0.0217614
14.995 225.234 0.0217746
14.993 225.179 0.0218331
14.9938 225.202 0.0218208
14.9932 225.183 0.0218035
14.9949 225.237 0.021845
14.9947 225.231 0.0218192
14.9953 225.247 0.0217996
14.9953 225.246 0.021773
14.9942 225.215 0.0217718
14.9943 225.218 0.0217456
14.995 225.237 0.0217288
14.9949 225.235 0.0217025
14.9949 225.233 0.0216762
14.996 225.269 0.0216806
14.9955 225.253 0.0216604
14.9961 225.272 0.0216432
14.9957 225.258 0.0216215
14.9958 225.261 0.0215958
14.9953 225.245 0.0215769
14.9946 225.225 0.0215612
14.9946 225.223 0.0215353
14.9939 225.204 0.0215194
14.9937 225.198 0.0214943
14.9942 225.212 0.0214743
14.9943 225.214 0.0214487
14.9932 225.182 0.0214491
14.9944 225.218 0.0214547
14.9937 225.196 0.0214414
14.9936 225.194 0.0214159
14.9943 225.213 0.0214002
14.9935 225.189 0.0213903
14.9929 225.173 0.0213719
14.9928 225.168 0.0213471
14.9924 225.156 0.0213252
14.9926 225.162 0.0213011
14.9919 225.142 0.0212867
14.9917 225.136 0.0212624
14.9924 225.155 0.0212475
14.9931 225.176 0.0212333
14.9927 225.164 0.0212115
14.9936 225.19 0.0212037
14.9936 225.19 0.0211789
14.9933 225.18 0.0211566
14.9934 225.185 0.0211326
14.9927 225.163 0.0211204
14.9909 225.113 0.0211688
14.9909 225.112 0.0211442
14.9916 225.132 0.0211303
14.9922 225.149 0.021114
14.9919 225.139 0.0210922
14.9912 225.119 0.0210776
14.9915 225.128 0.0210556
14.9916 225.131 0.0210315
14.993 225.173 0.0210501
14.9943 225.212 0.0210647
14.9932 225.18 0.0210692
14.9936 225.192 0.0210489
14.9925 225.161 0.0210497
14.9928 225.168 0.021027
14.9936 225.194 0.02102
14.9942 225.211 0.0210038
14.9949 225.232 0.0209914
14.9946 225.223 0.0209696
14.9938 225.199 0.0209602
14.9928 225.169 0.0209608
14.9923 225.154 0.0209429
14.9915 225.129 0.0209363
14.9925 225.162 0.0209404
14.9924 225.158 0.020917
14.9919 225.141 0.0209011
14.9927 225.166 0.0208939
14.9925 225.159 0.0208712
14.9928 225.169 0.02085
14.993 225.173 0.020827
14.993 225.174 0.0208036
14.9926 225.162 0.0207834
14.9919 225.14 0.0207734
14.9907 225.106 0.0207836
14.9902 225.09 0.0207664
14.9898 225.077 0.0207476
14.9899 225.079 0.0207246
14.9912 225.12 0.0207438
14.9912 225.12 0.0207206
14.9923 225.153 0.020725
14.9919 225.142 0.020705
14.9904 225.098 0.0207365
14.9908 225.11 0.0207172
14.9917 225.137 0.0207135
14.9922 225.151 0.0206959
14.9932 225.182 0.0206982
14.9934 225.187 0.0206761
14.9953 225.247 0.0207395
14.9944 225.222 0.0207335
14.9955 225.255 0.0207395
14.9951 225.242 0.020721
14.9954 225.251 0.0207006
14.9955 225.252 0.0206778
14.9949 225.234 0.0206638
14.9945 225.222 0.0206448
14.9941 225.209 0.0206261
14.9944 225.219 0.0206061
14.9954 225.251 0.0206104
14.9962 225.273 0.0206011
14.9973 225.306 0.0206069
14.9971 225.3 0.0205853
14.996 225.268 0.0205926
14.9953 225.247 0.0205822
14.9962 225.276 0.0205822
14.997 225.3 0.0205753
14.9973 225.309 0.0205551
14.9957 225.262 0.0205957
14.9953 225.251 0.0205768
14.9949 225.237 0.0205599
14.995 225.241 0.0205384
14.9947 225.231 0.0205188
14.9943 225.219 0.0205005
14.994 225.21 0.0204802
14.9939 225.207 0.0204585
14.9945 225.225 0.0204458
14.9937 225.201 0.0204394
14.9939 225.205 0.020418
14.9951 225.241 0.0204293
14.9944 225.222 0.0204175
14.9936 225.197 0.0204135
14.9933 225.189 0.020393
14.9929 225.175 0.020377
14.9925 225.163 0.020359
14.9932 225.186 0.0203524
14.9921 225.152 0.020365
14.9925 225.164 0.0203473
14.9922 225.156 0.0203271
14.9922 225.154 0.0203057
14.9929 225.177 0.0202992
14.992 225.151 0.0202976
14.9926 225.166 0.0202827
14.9922 225.156 0.020264
14.9929 225.176 0.0202538
14.9933 225.186 0.0202357
14.9928 225.173 0.0202192
14.9923 225.159 0.0202034
14.9915 225.133 0.0202015
14.9911 225.121 0.0201839
14.9918 225.142 0.0201748
14.9902 225.096 0.0202152
14.9906 225.109 0.0201984
14.9902 225.095 0.0201825
14.991 225.121 0.0201799
14.9903 225.099 0.0201724
14.9904 225.102 0.0201517
14.9909 225.116 0.0201362
14.9908 225.112 0.0201156
14.9917 225.141 0.0201173
14.9922 225.156 0.020103
14.9922 225.154 0.0200823
14.9925 225.164 0.0200642
14.9927 225.168 0.0200442
14.9937 225.2 0.0200498
14.9931 225.182 0.0200381
14.9932 225.183 0.0200176
14.9939 225.207 0.0200126
14.9936 225.197 0.0199949
14.9946 225.228 0.0200011
14.9942 225.215 0.0199852
14.9945 225.223 0.0199667
14.9933 225.188 0.0199834
14.9926 225.169 0.0199727
14.992 225.149 0.0199643
14.9929 225.179 0.0199684
14.9917 225.143 0.0199856
14.9908 225.117 0.0199848
14.991 225.121 0.019965
14.9905 225.106 0.0199502
14.9905 225.106 0.0199299
14.9904 225.101 0.0199102
14.9898 225.083 0.019899
14.9896 225.078 0.0198796
14.9899 225.088 0.0198623
14.9894 225.071 0.0198501
14.9882 225.036 0.0198665
14.9875 225.015 0.019859
14.9873 225.009 0.0198397
14.9873 225.009 0.0198197
14.9862 224.977 0.0198297
14.9854 224.954 0.0198252
14.9845 224.926 0.0198277
14.9844 224.923 0.0198082
14.9846 224.93 0.0197901
14.9852 224.946 0.0197779
