14.5041 210.369 0
14.5982 213.118 0.094136
14.686 215.701 0.103237
14.5498 211.768 0.154555
14.6678 215.257 0.168096
14.8881 221.994 0.259594
15.1858 231.428 0.369768
15.186 231.331 0.320229
15.0673 227.773 0.306341
15.013 226.093 0.279314
15.0912 228.444 0.264463
15.0796 228.036 0.2417
15.1031 228.703 0.22357
15.0453 226.962 0.214896
15.1037 228.729 0.208401
15.0358 226.715 0.206422
14.9728 224.851 0.203866
15.0336 226.701 0.201592
15.0882 228.361 0.198335
15.0392 226.896 0.194428
15.0262 226.474 0.185394
15.0502 227.177 0.178387
15.0759 227.937 0.172386
15.0733 227.832 0.165068
15.0399 226.826 0.161825
15.025 226.361 0.156185
15.0081 225.839 0.151234
14.9967 225.477 0.146183
14.9993 225.537 0.141077
14.9494 224.097 0.145138
14.9829 225.112 0.144312
14.9436 223.964 0.145159
14.9437 223.947 0.140691
14.9274 223.45 0.137461
14.9044 222.765 0.135439
14.9261 223.411 0.133398
14.924 223.332 0.129759
14.9169 223.106 0.126497
14.9297 223.479 0.123873
14.9548 224.241 0.123326
14.9583 224.33 0.12033
14.9585 224.321 0.117431
14.9399 223.767 0.11616
14.9129 222.98 0.116654
14.9215 223.225 0.114351
14.9288 223.433 0.112076
14.9331 223.551 0.109751
14.9291 223.422 0.107513
14.9278 223.372 0.105305
14.9082 222.796 0.105018
14.9103 222.846 0.102959
14.9054 222.691 0.101079
14.8976 222.452 0.0994582
14.9129 222.912 0.0987928
14.9066 222.717 0.0971834
14.9126 222.889 0.095622
14.9081 222.747 0.0940378
14.9004 222.513 0.0927213
14.9019 222.548 0.0911477
14.9049 222.629 0.0896655
14.9087 222.737 0.0882666
14.9099 222.764 0.0868391
14.9297 223.372 0.087712
14.9327 223.456 0.0863843
14.9222 223.143 0.0856885
14.9327 223.454 0.085024
14.9588 224.273 0.0877208
14.9586 224.26 0.0864213
14.9561 224.179 0.0851958
14.941 223.737 0.0853157
14.9423 223.769 0.0841157
14.9394 223.673 0.0829929
14.9379 223.624 0.0818607
14.9416 223.729 0.0808314
14.9382 223.622 0.0798178
14.9392 223.646 0.0787669
14.9483 223.917 0.0782619
14.9485 223.916 0.0772522
14.9518 224.011 0.0763419
14.9485 223.907 0.0754555
14.9385 223.61 0.0751844
14.9236 223.178 0.0757453
14.9237 223.175 0.0748272
14.9167 222.966 0.0742555
14.9319 223.435 0.0749385
14.9333 223.471 0.0740751
14.9228 223.16 0.0739763
14.9255 223.236 0.0731805
14.9113 222.824 0.0737367
14.9185 223.041 0.0732756
14.9045 222.634 0.0738175
14.8903 222.224 0.0743759
14.8849 222.06 0.0737716
14.8877 222.138 0.0730358
14.893 222.295 0.0724604
14.887 222.114 0.0719541
14.8849 222.047 0.0712389
14.8955 222.37 0.0713032
14.9021 222.566 0.0708888
14.895 222.354 0.0705363
14.8912 222.236 0.0699409
14.8939 222.312 0.0693043
14.8929 222.278 0.068635
14.8874 222.112 0.0681958
14.8826 221.968 0.0677113
14.874 221.715 0.0676212
14.8722 221.657 0.0670104
14.879 221.862 0.0667392
14.8873 222.111 0.0666415
14.8892 222.163 0.0660592
14.8906 222.202 0.0654776
14.8891 222.152 0.0649092
14.8909 222.202 0.0643576
14.896 222.355 0.0640006
14.893 222.26 0.0635166
14.8873 222.093 0.0632166
14.8973 222.396 0.0634549
14.8988 222.436 0.0629325
14.9009 222.496 0.062437
14.9085 222.727 0.0623865
14.9062 222.655 0.0619117
14.903 222.556 0.0614874
14.9017 222.516 0.0609982
14.9024 222.531 0.0605073
14.9015 222.501 0.0600275
14.9071 222.668 0.0598106
14.9141 222.88 0.0597499
14.9077 222.691 0.0596245
14.907 222.666 0.0591648
14.9123 222.826 0.0589501
14.9205 223.075 0.0590688
14.9256 223.227 0.0588412
14.9282 223.302 0.0584537
14.925 223.203 0.0581053
14.9255 223.217 0.0576762
14.9262 223.233 0.0572539
14.9238 223.159 0.0568836
14.9289 223.313 0.0567009
14.9282 223.289 0.0562957
14.9403 223.668 0.0571933
14.9443 223.785 0.0569218
14.9501 223.959 0.0568161
14.9497 223.946 0.0564185
14.9523 224.02 0.0560833
14.948 223.893 0.0558556
14.9419 223.713 0.055806
14.9416 223.7 0.055426
14.9364 223.545 0.0552967
14.9325 223.429 0.0550606
14.9288 223.317 0.0548187
14.9291 223.324 0.0544554
14.935 223.5 0.0544109
14.9376 223.577 0.0541176
14.9434 223.753 0.0540808
14.9454 223.81 0.0537666
14.9509 223.978 0.0537095
14.9551 224.101 0.0535253
14.9523 224.016 0.0532593
14.954 224.065 0.052951
14.9514 223.986 0.052681
14.9537 224.052 0.0524009
14.947 223.856 0.0525039
14.9416 223.697 0.0524589
14.9423 223.715 0.0521427
14.9474 223.871 0.0520819
14.9432 223.744 0.0519426
14.9422 223.711 0.0516404
14.9505 223.968 0.0519981
14.9516 224 0.0517018
14.9525 224.023 0.0514039
14.9575 224.174 0.0513457
14.9608 224.273 0.0511562
14.9645 224.384 0.0509947
14.9586 224.21 0.0510462
14.9563 224.141 0.050803
14.9511 223.986 0.0507886
14.9547 224.094 0.0506309
14.9563 224.14 0.0503711
14.9591 224.223 0.0501672
14.9573 224.166 0.049921
14.9588 224.211 0.0496691
14.9594 224.224 0.0493981
14.9548 224.09 0.0493362
14.9537 224.054 0.0490801
14.9526 224.019 0.0488262
14.9459 223.824 0.0490289
14.9467 223.846 0.0487731
14.9468 223.847 0.0485131
14.9496 223.931 0.0483382
14.9496 223.926 0.0480832
14.95 223.937 0.0478327
14.9481 223.879 0.0476203
14.9507 223.954 0.0474414
14.9482 223.879 0.0472623
14.9445 223.771 0.0471585
14.9435 223.739 0.0469278
14.9432 223.726 0.0466903
14.9396 223.618 0.0465957
14.9446 223.77 0.0466293
14.9459 223.809 0.0464149
14.9475 223.856 0.0462123
14.9507 223.952 0.0460944
14.9489 223.896 0.0459026
14.9436 223.74 0.04599
14.9437 223.741 0.0457653
14.9458 223.803 0.0455908
14.9419 223.687 0.0455382
14.9457 223.804 0.0454831
14.9451 223.783 0.0452691
14.9484 223.88 0.0451676
14.9526 224.007 0.0451493
14.9473 223.854 0.0452426
14.9455 223.797 0.0450669
14.9479 223.869 0.0449213
14.9503 223.941 0.0447775
14.9454 223.796 0.0448447
14.9471 223.848 0.0446735
14.9435 223.74 0.0446173
14.9447 223.774 0.0444292
14.9451 223.785 0.0442289
14.9502 223.942 0.0443248
14.9508 223.957 0.0441285
14.9482 223.878 0.0440104
14.9468 223.834 0.0438357
14.947 223.839 0.0436409
14.9476 223.856 0.0434521
14.9449 223.774 0.0433461
14.946 223.807 0.0431706
14.9465 223.819 0.0429841
14.9424 223.697 0.0429951
14.9397 223.616 0.0428936
14.9412 223.662 0.0427366
14.9398 223.618 0.0425764
14.9425 223.698 0.0424792
14.9417 223.673 0.0423056
14.9422 223.688 0.0421296
14.9358 223.503 0.0424431
14.9358 223.5 0.0422644
14.9392 223.605 0.04223
14.9367 223.531 0.0421269
14.9357 223.496 0.041966
14.9428 223.72 0.042395
14.9426 223.711 0.0422208
14.941 223.663 0.0420774
14.9445 223.768 0.0420501
14.9451 223.787 0.0418842
14.9432 223.729 0.0417576
14.9429 223.717 0.0415903
14.9442 223.754 0.0414427
14.9484 223.882 0.0414887
14.9525 224.007 0.0415252
14.9496 223.922 0.0414584
14.95 223.932 0.041296
14.9569 224.15 0.0417144
14.9547 224.083 0.0416089
14.9562 224.126 0.0414725
14.9558 224.114 0.0413124
14.9525 224.016 0.0412847
14.9555 224.106 0.0412333
14.9594 224.225 0.041259
14.9588 224.204 0.0411056
14.9558 224.115 0.0410577
14.9588 224.208 0.0410167
14.9602 224.248 0.0408842
14.9635 224.347 0.0408597
14.9671 224.455 0.0408628
14.9677 224.472 0.040714
14.9665 224.437 0.0405774
14.9637 224.354 0.0405229
14.9678 224.477 0.0405736
14.9661 224.428 0.0404563
14.9668 224.445 0.0403121
14.966 224.42 0.0401718
14.968 224.478 0.0400729
14.972 224.603 0.040134
14.9764 224.739 0.0402314
14.9758 224.718 0.0400909
14.9761 224.725 0.0399473
14.9771 224.754 0.0398167
14.9787 224.8 0.0397059
14.9833 224.944 0.0398362
14.9845 224.979 0.0397127
14.9823 224.911 0.0396356
14.9846 224.98 0.0395618
14.9837 224.953 0.0394321
14.9838 224.953 0.039294
14.9842 224.963 0.0391589
14.9865 225.034 0.0390936
14.9831 224.935 0.0391036
14.9808 224.865 0.0390372
14.9799 224.836 0.0389145
14.9801 224.84 0.0387815
14.9779 224.774 0.0387109
14.9772 224.754 0.0385844
14.9794 224.819 0.038516
14.9799 224.833 0.038389
14.9803 224.842 0.0382609
14.9793 224.81 0.0381453
14.9771 224.744 0.0380819
14.9763 224.719 0.0379631
14.9746 224.67 0.0378713
14.9721 224.595 0.037831
14.9703 224.541 0.0377481
14.973 224.62 0.037716
14.9727 224.611 0.037593
14.97 224.532 0.0375657
14.9686 224.489 0.0374697
14.9695 224.513 0.0373579
14.9698 224.521 0.037238
14.9659 224.409 0.037318
14.9665 224.427 0.0372034
14.9674 224.451 0.0370935
14.9672 224.443 0.0369753
14.9691 224.502 0.036909
14.9681 224.468 0.0368077
14.9686 224.483 0.036695
14.9673 224.443 0.0366027
14.9662 224.41 0.0365031
14.9653 224.382 0.0363992
14.9649 224.37 0.0362873
14.9624 224.294 0.0362644
14.9631 224.313 0.0361578
14.9606 224.24 0.0361297
14.9586 224.181 0.0360718
14.959 224.192 0.0359629
14.9587 224.182 0.0358536
14.9608 224.243 0.0358024
14.9589 224.188 0.0357412
14.9589 224.184 0.0356325
14.959 224.188 0.0355247
14.9587 224.176 0.0354188
14.9574 224.138 0.0353342
14.9602 224.221 0.0353343
14.9577 224.147 0.0353165
14.9589 224.183 0.0352325
14.9612 224.252 0.0352011
14.9619 224.272 0.0351036
14.962 224.273 0.0349997
14.9616 224.263 0.0348976
14.9639 224.329 0.0348645
14.9616 224.262 0.0348344
14.9591 224.188 0.0348231
14.9585 224.168 0.0347273
14.9573 224.133 0.0346453
14.9554 224.075 0.0345998
14.9539 224.03 0.0345316
14.9518 223.967 0.0344957
14.9525 223.989 0.0344044
14.9528 223.995 0.0343067
14.9524 223.983 0.0342105
14.9523 223.977 0.0341132
14.9535 224.013 0.0340375
14.9513 223.948 0.0340103
14.953 223.999 0.0339571
14.9515 223.954 0.0338946
14.9511 223.942 0.0338013
14.9542 224.035 0.0338445
14.9536 224.017 0.0337548
14.9544 224.04 0.03367
14.9544 224.04 0.0335764
14.956 224.087 0.0335213
14.9559 224.083 0.0334288
14.9555 224.07 0.0333389
14.9559 224.082 0.0332501
14.9594 224.188 0.033339
14.9593 224.183 0.0332481
14.9613 224.243 0.0332175
14.9594 224.186 0.0331818
14.959 224.176 0.0330933
14.9584 224.156 0.0330094
14.9578 224.136 0.0329266
14.9565 224.097 0.0328632
14.9567 224.103 0.0327757
14.9581 224.145 0.0327192
14.9585 224.156 0.0326341
14.9622 224.271 0.0327584
14.9596 224.194 0.0327759
14.9621 224.268 0.0327793
14.9633 224.306 0.0327176
14.9634 224.307 0.0326315
14.9639 224.322 0.0325497
14.9659 224.382 0.0325268
14.966 224.383 0.0324419
14.9649 224.349 0.0323772
14.9685 224.461 0.0324944
14.968 224.447 0.032413
14.9665 224.4 0.0323671
14.9646 224.345 0.0323359
14.9649 224.351 0.0322534
14.9634 224.307 0.0322032
14.9631 224.296 0.0321225
14.9615 224.248 0.0320809
14.9609 224.23 0.0320042
14.9577 224.138 0.0320791
14.9576 224.132 0.0319983
14.9609 224.234 0.0320899
14.9595 224.193 0.0320386
14.9585 224.162 0.031974
14.9588 224.172 0.0318958
14.9572 224.122 0.0318598
14.9557 224.078 0.0318133
14.9569 224.112 0.0317547
14.9554 224.067 0.031712
14.9534 224.009 0.0316927
14.9527 223.987 0.0316229
14.9524 223.977 0.0315463
14.9544 224.038 0.0315332
14.9546 224.044 0.0314566
14.9558 224.078 0.0314006
14.9572 224.119 0.0313545
14.9556 224.073 0.0313157
14.9564 224.095 0.0312489
14.9558 224.077 0.0311788
14.956 224.082 0.0311039
14.9557 224.071 0.0310307
14.9544 224.034 0.0309806
14.9545 224.033 0.0309063
14.9553 224.058 0.0308439
14.959 224.174 0.0309944
14.9604 224.214 0.0309492
14.9593 224.181 0.0308944
14.9592 224.177 0.0308213
14.9596 224.189 0.0307517
14.9611 224.232 0.0307129
14.9621 224.262 0.0306574
14.9625 224.274 0.0305882
14.9619 224.257 0.0305215
14.9626 224.276 0.0304574
14.9635 224.301 0.0303985
14.9643 224.325 0.0303393
14.9624 224.269 0.0303275
14.9613 224.235 0.0302788
14.9637 224.309 0.030305
14.9607 224.222 0.0303839
14.9595 224.186 0.0303371
14.9584 224.153 0.0302876
14.9576 224.129 0.0302278
14.9596 224.19 0.0302256
14.9607 224.223 0.0301766
14.9621 224.262 0.0301367
14.9602 224.208 0.030123
14.9605 224.216 0.0300562
14.9588 224.165 0.0300378
14.9579 224.137 0.0299834
14.9578 224.132 0.0299163
14.9595 224.185 0.0298999
14.9598 224.191 0.029834
14.9608 224.222 0.0297852
14.9626 224.277 0.0297753
14.9614 224.24 0.0297352
14.961 224.229 0.0296711
14.962 224.256 0.0296196
14.9638 224.312 0.0296125
14.9624 224.27 0.0295802
14.9628 224.281 0.0295178
14.9636 224.303 0.0294624
14.9656 224.366 0.02947
14.9676 224.426 0.0294727
14.9667 224.399 0.029422
14.9658 224.371 0.0293722
14.9675 224.423 0.0293589
14.9688 224.461 0.0293228
14.9681 224.441 0.0292665
14.9702 224.505 0.0292778
14.97 224.497 0.0292156
14.9721 224.561 0.0292273
14.9739 224.614 0.0292177
14.9746 224.635 0.0291641
14.9763 224.689 0.0291558
14.9759 224.676 0.0290964
14.9752 224.652 0.0290452
14.9759 224.674 0.028993
14.9761 224.677 0.028932
14.9762 224.682 0.0288716
14.976 224.673 0.028812
14.9763 224.683 0.0287537
14.9756 224.66 0.0287036
14.9745 224.627 0.0286644
14.9718 224.549 0.0287315
14.9712 224.531 0.0286773
14.9708 224.518 0.0286205
14.9709 224.521 0.0285614
14.9695 224.478 0.0285391
14.9695 224.477 0.0284801
14.9719 224.553 0.0285258
14.9726 224.572 0.0284746
14.9726 224.572 0.0284161
14.9726 224.569 0.0283579
14.9729 224.58 0.0283026
14.975 224.643 0.0283188
14.9744 224.624 0.0282677
14.9749 224.638 0.0282149
14.9738 224.604 0.0281804
14.9738 224.604 0.0281233
14.9728 224.574 0.0280834
14.9719 224.547 0.028041
14.9713 224.528 0.0279915
14.9691 224.465 0.0280178
14.9687 224.451 0.0279652
14.9671 224.405 0.0279522
14.9669 224.396 0.0278977
14.9679 224.426 0.0278606
14.9693 224.469 0.0278423
14.9691 224.461 0.0277882
14.9692 224.464 0.0277333
14.9701 224.49 0.0276926
14.9718 224.543 0.0276939
14.9703 224.497 0.0276833
14.9713 224.528 0.027648
14.9712 224.525 0.0275938
14.971 224.517 0.027541
14.9711 224.519 0.0274874
14.9712 224.523 0.0274341
14.9704 224.498 0.0273923
14.9711 224.517 0.0273468
14.9705 224.501 0.0272987
14.9722 224.552 0.0272967
14.9709 224.513 0.0272747
14.9703 224.495 0.0272281
14.9705 224.499 0.027176
14.9726 224.565 0.0272095
14.9704 224.5 0.027248
14.9703 224.495 0.0271964
14.9699 224.484 0.0271464
14.9704 224.498 0.0270987
14.9713 224.525 0.0270634
14.9717 224.534 0.0270139
14.9693 224.467 0.0270614
14.9695 224.471 0.0270106
14.9699 224.482 0.0269626
14.9696 224.473 0.0269132
14.9704 224.496 0.0268735
14.9713 224.522 0.0268375
14.9723 224.552 0.0268061
14.9719 224.541 0.0267583
14.9712 224.519 0.026718
14.9703 224.492 0.0266825
14.9694 224.465 0.0266485
14.9704 224.495 0.0266188
14.9684 224.435 0.026651
14.9678 224.417 0.0266082
14.9667 224.385 0.0265791
14.9672 224.399 0.0265341
14.9682 224.429 0.0265054
14.9684 224.434 0.0264574
14.9692 224.457 0.0264204
14.9697 224.471 0.0263762
14.9689 224.447 0.026339
14.9676 224.408 0.0263252
14.9682 224.427 0.0262855
14.9681 224.422 0.0262381
14.9682 224.426 0.0261909
14.9686 224.435 0.0261455
14.9671 224.393 0.026138
14.9659 224.357 0.0261175
14.9665 224.373 0.026076
14.9669 224.385 0.0260326
14.9657 224.349 0.0260133
14.9648 224.321 0.0259844
14.9638 224.291 0.0259565
14.9636 224.285 0.0259109
14.963 224.268 0.0258704
14.9633 224.276 0.025826
14.9652 224.335 0.0258519
14.9665 224.373 0.0258373
14.9677 224.41 0.0258206
14.9655 224.344 0.0258754
14.9669 224.388 0.025871
14.9675 224.405 0.0258319
14.9687 224.441 0.0258138
14.9669 224.388 0.0258305
14.9672 224.397 0.0257873
14.9662 224.367 0.0257618
14.9653 224.34 0.025733
14.9644 224.313 0.0257032
14.9645 224.316 0.0256587
14.9631 224.274 0.0256534
14.9626 224.257 0.0256147
14.9633 224.278 0.0255807
14.9642 224.305 0.0255521
14.9627 224.261 0.0255512
14.9631 224.272 0.0255099
14.9635 224.283 0.0254692
14.9641 224.3 0.0254327
14.9644 224.31 0.0253912
14.9639 224.293 0.0253535
14.9626 224.256 0.0253409
14.9615 224.223 0.0253221
14.961 224.208 0.0252834
14.9612 224.213 0.0252411
14.9595 224.164 0.025254
14.958 224.118 0.0252596
14.9579 224.115 0.0252171
14.9569 224.084 0.0251958
14.9575 224.102 0.025161
14.9581 224.122 0.0251275
14.9572 224.093 0.0251043
14.9574 224.097 0.0250629
14.9565 224.071 0.0250364
14.9559 224.052 0.0250024
14.9549 224.025 0.0249772
14.9573 224.099 0.0250505
14.9567 224.079 0.0250176
14.9572 224.095 0.0249822
14.9566 224.076 0.0249485
14.9579 224.115 0.02494
14.959 224.147 0.0249224
14.9579 224.116 0.0249031
14.9602 224.187 0.0249659
14.9602 224.187 0.0249249
14.9608 224.203 0.0248904
14.9607 224.199 0.02485
14.9599 224.176 0.024821
14.9593 224.158 0.0247874
14.9586 224.137 0.024757
14.9593 224.156 0.024725
14.9602 224.184 0.0247031
14.9596 224.165 0.0246714
14.9595 224.16 0.0246318
14.9594 224.159 0.0245921
14.9604 224.188 0.0245721
14.9608 224.199 0.0245355
14.9607 224.194 0.0244964
14.9619 224.232 0.0244893
14.9631 224.267 0.024477
14.962 224.236 0.0244596
14.9628 224.26 0.024434
14.9623 224.245 0.0244002
14.9642 224.302 0.0244326
14.9652 224.332 0.0244136
14.9655 224.339 0.0243764
14.9652 224.332 0.0243387
14.9646 224.313 0.0243085
14.9636 224.282 0.0242931
14.964 224.294 0.0242583
14.9645 224.309 0.0242258
14.9631 224.268 0.0242273
14.9627 224.256 0.0241921
14.9622 224.241 0.0241597
14.9622 224.24 0.0241219
14.9635 224.28 0.0241196
14.9636 224.28 0.024082
14.9642 224.298 0.024052
14.9646 224.311 0.024019
14.9647 224.314 0.023982
14.9655 224.337 0.0239581
14.965 224.322 0.0239259
14.9652 224.327 0.0238895
14.9657 224.342 0.023858
14.9639 224.289 0.023891
14.9645 224.307 0.0238621
14.9638 224.287 0.0238346
14.963 224.262 0.023812
14.9614 224.215 0.0238299
14.9606 224.189 0.0238095
14.9601 224.174 0.023778
14.9583 224.123 0.0238071
14.9601 224.177 0.023837
14.9581 224.119 0.0238865
14.9586 224.136 0.0238569
14.9587 224.137 0.0238209
14.9582 224.121 0.0237903
14.9585 224.131 0.023757
14.9583 224.124 0.0237221
14.9587 224.137 0.0236904
14.9609 224.204 0.0237526
14.9605 224.191 0.0237203
14.9609 224.203 0.0236884
14.9616 224.222 0.0236619
14.9617 224.226 0.0236269
14.9622 224.24 0.023597
14.9627 224.254 0.0235665
14.9621 224.236 0.0235385
14.9629 224.262 0.0235191
14.9623 224.243 0.0234921
14.9627 224.253 0.0234596
14.9617 224.224 0.0234449
14.9613 224.21 0.0234143
14.9618 224.227 0.0233863
14.9613 224.211 0.0233574
14.9613 224.211 0.0233231
14.962 224.23 0.0232976
14.9602 224.178 0.0233308
14.96 224.173 0.0232971
14.9603 224.182 0.0232649
14.9601 224.174 0.0232323
14.9607 224.192 0.0232069
14.9615 224.216 0.0231872
14.9612 224.207 0.0231556
14.9614 224.213 0.0231231
14.963 224.26 0.0231407
14.963 224.26 0.0231073
14.963 224.259 0.0230739
14.9624 224.242 0.0230482
14.961 224.2 0.0230595
14.9606 224.187 0.0230301
14.9604 224.182 0.0229975
14.9609 224.198 0.022971
14.9613 224.208 0.022941
14.9611 224.202 0.022909
14.9609 224.196 0.022877
14.9602 224.174 0.0228557
14.9595 224.152 0.0228351
14.9599 224.165 0.0228067
14.9615 224.213 0.0228289
14.9617 224.219 0.0227977
14.9623 224.236 0.0227723
14.9636 224.277 0.0227802
14.9635 224.272 0.0227485
14.9645 224.304 0.0227406
14.9643 224.298 0.0227093
14.964 224.286 0.0226804
14.9648 224.31 0.0226621
14.9642 224.293 0.0226366
14.9659 224.345 0.0226664
14.9648 224.312 0.0226611
14.9636 224.277 0.0226618
14.9631 224.262 0.0226353
14.9634 224.271 0.0226061
14.9653 224.329 0.0226532
14.9655 224.335 0.0226226
14.9643 224.298 0.0226254
14.9658 224.345 0.0226457
14.9685 224.432 0.0227787
14.969 224.447 0.0227533
14.9687 224.435 0.0227252
14.9686 224.431 0.0226942
14.9683 224.422 0.022665
14.9683 224.424 0.0226341
14.9695 224.459 0.0226323
14.9691 224.448 0.0226042
14.9684 224.427 0.0225838
14.9704 224.487 0.0226356
14.9702 224.481 0.0226054
14.9699 224.471 0.0225772
14.97 224.473 0.0225467
14.9688 224.44 0.0225442
14.9684 224.427 0.0225176
14.969 224.445 0.0224953
14.9694 224.457 0.022469
14.9708 224.497 0.0224769
14.9713 224.514 0.022454
14.9731 224.568 0.0224902
14.9731 224.568 0.02246
14.9727 224.557 0.0224331
14.9735 224.579 0.0224153
14.9737 224.585 0.0223866
14.9741 224.597 0.0223602
14.9741 224.597 0.0223303
14.9733 224.573 0.022314
14.9741 224.595 0.0222965
14.9737 224.584 0.0222698
14.9734 224.575 0.0222422
14.9731 224.565 0.0222149
14.9729 224.558 0.0221866
14.9732 224.569 0.0221607
14.9736 224.58 0.0221349
14.9746 224.609 0.0221263
14.9739 224.589 0.0221069
14.9728 224.555 0.0221089
14.9719 224.53 0.0220957
14.9721 224.535 0.0220674
14.9724 224.542 0.02204
14.9736 224.579 0.022044
14.9739 224.589 0.0220183
14.973 224.561 0.0220097
14.9735 224.575 0.021986
14.9739 224.588 0.0219616
14.973 224.56 0.0219529
14.9732 224.567 0.021926
14.9736 224.578 0.0219005
14.9734 224.57 0.0218734
14.9738 224.583 0.0218497
14.9748 224.614 0.0218447
14.9743 224.597 0.0218236
14.9745 224.602 0.0217964
14.9741 224.593 0.0217705
14.9742 224.593 0.0217425
14.9749 224.615 0.0217273
14.9751 224.622 0.0217008
14.9754 224.629 0.0216744
14.9741 224.59 0.0216874
14.9759 224.647 0.021738
14.9752 224.625 0.0217228
14.9759 224.648 0.0217085
14.9753 224.629 0.0216898
14.9749 224.616 0.0216665
14.9739 224.586 0.0216623
14.9757 224.643 0.021713
14.9772 224.688 0.0217336
14.9777 224.704 0.0217133
14.9785 224.729 0.0217012
14.9776 224.702 0.0216928
14.9768 224.677 0.0216814
14.9778 224.707 0.0216761
14.9781 224.717 0.0216519
14.9765 224.671 0.0216846
14.9763 224.662 0.0216591
14.9775 224.699 0.0216668
14.9785 224.729 0.0216624
14.9795 224.76 0.021659
14.9793 224.753 0.0216332
14.9795 224.76 0.0216076
14.981 224.805 0.0216303
14.9808 224.799 0.0216042
14.9805 224.791 0.0215789
14.9816 224.823 0.0215776
14.981 224.805 0.0215588
14.9793 224.756 0.0216004
14.9791 224.751 0.0215741
14.9796 224.765 0.0215526
14.9798 224.771 0.0215271
14.9798 224.771 0.0215006
14.9807 224.796 0.0214909
14.9796 224.765 0.0214915
14.9786 224.734 0.0214899
14.9783 224.724 0.0214659
14.9775 224.701 0.0214541
14.9773 224.697 0.0214283
14.9765 224.672 0.021418
14.976 224.655 0.0213993
14.9764 224.669 0.0213788
14.9754 224.638 0.0213788
14.9758 224.651 0.0213574
14.9755 224.64 0.0213344
14.9755 224.64 0.0213086
14.9761 224.658 0.0212919
14.9757 224.647 0.0212691
14.9767 224.675 0.0212634
14.9777 224.706 0.0212627
14.9774 224.697 0.0212393
14.9769 224.682 0.0212197
14.9765 224.67 0.0211976
14.976 224.653 0.0211797
14.9751 224.628 0.0211701
14.9746 224.612 0.0211517
14.975 224.625 0.0211311
14.976 224.653 0.0211265
14.9767 224.675 0.0211137
14.9772 224.69 0.0210947
14.9766 224.673 0.0210775
14.9777 224.705 0.0210795
14.978 224.712 0.021056
14.9778 224.708 0.0210314
14.9773 224.694 0.021012
14.9772 224.69 0.0209874
14.9773 224.691 0.0209627
14.9766 224.669 0.0209502
14.976 224.651 0.0209343
14.9757 224.644 0.0209109
14.9755 224.638 0.0208873
14.9758 224.646 0.0208648
14.9757 224.642 0.0208407
14.9755 224.637 0.0208168
14.975 224.619 0.0208009
14.9749 224.617 0.0207766
14.9756 224.637 0.0207625
14.9754 224.631 0.020739
14.9758 224.643 0.020719
14.9763 224.659 0.0207017
14.9773 224.687 0.0206975
14.9769 224.676 0.0206762
14.9775 224.692 0.0206591
14.9771 224.68 0.020639
14.9776 224.695 0.0206216
14.9773 224.687 0.0205994
14.9768 224.67 0.0205828
14.9769 224.674 0.0205596
14.9773 224.686 0.0205396
14.9763 224.657 0.0205388
14.9769 224.675 0.020524
14.9761 224.65 0.0205175
14.9755 224.633 0.0205013
14.9756 224.635 0.0204779
14.9752 224.622 0.0204589
14.9761 224.65 0.0204572
14.9764 224.659 0.020436
14.9758 224.64 0.0204227
14.9756 224.635 0.0204
14.975 224.615 0.020387
14.976 224.648 0.0203914
14.9762 224.652 0.0203688
14.9758 224.641 0.0203489
14.9749 224.615 0.0203449
14.9751 224.619 0.0203226
14.9761 224.65 0.0203243
14.977 224.675 0.0203187
14.9765 224.66 0.0203017
14.9766 224.663 0.0202791
14.9772 224.68 0.0202649
14.9761 224.649 0.0202705
14.9764 224.657 0.0202495
14.9763 224.655 0.0202268
14.9765 224.66 0.0202048
14.9756 224.632 0.0202038
14.9754 224.629 0.0201816
14.9742 224.593 0.020196
14.9748 224.611 0.0201826
14.975 224.615 0.0201606
14.9756 224.633 0.0201475
14.9755 224.63 0.0201253
14.9759 224.641 0.0201061
14.9753 224.623 0.0200924
14.9752 224.619 0.0200705
14.9746 224.602 0.0200565
14.9755 224.629 0.0200545
14.9751 224.618 0.020036
14.975 224.614 0.0200142
14.9749 224.61 0.0199925
14.9759 224.642 0.019997
14.9768 224.668 0.0199936
14.9763 224.654 0.0199765
14.9778 224.699 0.0200077
14.9779 224.702 0.019986
14.9781 224.708 0.0199653
14.9789 224.732 0.0199602
14.9789 224.732 0.0199384
14.9797 224.755 0.0199316
14.9796 224.752 0.0199103
14.9783 224.714 0.0199308
14.979 224.737 0.0199237
14.9778 224.701 0.019939
14.979 224.738 0.0199522
14.9791 224.742 0.0199311
14.9797 224.759 0.0199181
14.9804 224.78 0.0199093
14.9796 224.756 0.0199044
14.9802 224.773 0.0198906
14.9809 224.795 0.019883
14.9802 224.772 0.0198767
14.9794 224.75 0.0198693
14.9787 224.728 0.0198609
14.9795 224.752 0.0198555
14.9799 224.766 0.0198395
14.9803 224.778 0.0198225
14.9798 224.76 0.0198098
14.9788 224.732 0.0198123
14.9788 224.732 0.0197911
14.9797 224.759 0.01979
14.98 224.766 0.0197707
14.9801 224.771 0.0197505
14.9804 224.778 0.0197311
14.9813 224.806 0.0197309
14.9815 224.813 0.0197114
14.9814 224.807 0.0196913
14.9813 224.805 0.0196705
14.9798 224.763 0.0197043
14.9807 224.789 0.0197025
14.9795 224.753 0.019721
14.9793 224.748 0.0197008
14.9792 224.745 0.0196802
14.9791 224.742 0.0196598
14.9788 224.731 0.0196422
14.9781 224.712 0.0196324
14.9788 224.732 0.0196238
14.9786 224.726 0.0196043
14.9778 224.701 0.0196018
14.9777 224.699 0.0195814
14.9774 224.689 0.0195638
14.9769 224.675 0.0195487
14.9753 224.629 0.0195959
14.974 224.59 0.0196207
14.9749 224.617 0.0196209
14.9756 224.64 0.0196145
14.9759 224.646 0.0195955
14.9741 224.597 0.0196525
14.9733 224.573 0.0196479
14.9723 224.544 0.0196526
14.9715 224.519 0.0196515
14.971 224.506 0.0196357
14.9712 224.511 0.0196162
14.9714 224.516 0.0195969
14.9716 224.52 0.0195773
14.9722 224.539 0.0195673
14.9727 224.554 0.0195537
14.9726 224.552 0.0195337
14.9725 224.549 0.019514
14.9727 224.553 0.0194946
14.9726 224.55 0.0194748
14.9727 224.551 0.019455
14.9716 224.521 0.0194632
14.9712 224.507 0.0194484
14.9707 224.493 0.019434
14.9711 224.504 0.0194174
14.9709 224.498 0.0193984
14.9722 224.538 0.0194224
14.9717 224.523 0.0194094
14.973 224.562 0.0194313
14.9726 224.55 0.0194159
14.9737 224.584 0.019429
14.974 224.594 0.0194124
14.9739 224.591 0.0193932
14.9735 224.579 0.0193772
14.9743 224.602 0.0193729
14.9752 224.63 0.0193742
14.9757 224.644 0.0193608
14.976 224.654 0.0193443
14.9752 224.629 0.0193427
14.9743 224.603 0.0193432
14.9741 224.597 0.019325
