5.34984 28.6207 0
5.44309 29.6359 0.0932514
5.53827 30.6964 0.109358
5.52181 30.5091 0.0790618
5.43772 29.612 0.104027
5.4105 29.3133 0.0891906
5.35945 28.7734 0.0910432
5.39079 29.111 0.0848473
5.41276 29.3466 0.0779873
5.42841 29.5136 0.0714866
5.40057 29.2157 0.0703994
5.43911 29.6457 0.074935
5.41669 29.4036 0.0724835
5.42431 29.4824 0.0675376
5.38917 29.1158 0.0720269
5.40593 29.2964 0.0694282
5.42454 29.4992 0.0678206
5.41297 29.3721 0.0649797
5.39704 29.2006 0.0634966
5.42256 29.4854 0.0654198
5.41131 29.3623 0.0632344
5.4093 29.3369 0.0603253
5.40489 29.2864 0.0578107
5.41835 29.4332 0.0569622
5.40893 29.3303 0.0554428
5.41444 29.3879 0.053552
5.41025 29.3403 0.0517005
5.41665 29.4082 0.050229
5.42621 29.5121 0.0494011
5.44739 29.7532 0.0522146
5.42992 29.5697 0.053439
5.44212 29.7043 0.053161
5.43688 29.6455 0.0517913
5.43864 29.6622 0.0502759
5.45016 29.7897 0.0501581
5.45124 29.7992 0.0487569
5.45031 29.7869 0.0474298
5.4544 29.83 0.0463456
5.44815 29.7612 0.045573
5.4427 29.7011 0.0447523
5.44374 29.7105 0.0436595
5.44 29.6686 0.042771
5.43716 29.6363 0.0418607
5.43702 29.6331 0.0408986
5.44008 29.6653 0.0400969
5.43654 29.6257 0.0393753
5.44123 29.6763 0.0388127
5.44 29.6615 0.0380156
5.441 29.6711 0.0372453
5.4489 29.7588 0.0373363
5.44444 29.7099 0.0368668
5.43975 29.6587 0.0364541
5.44809 29.7517 0.0367181
5.437 29.6363 0.0376987
5.4437 29.7102 0.0376087
5.44012 29.6706 0.0371043
5.44384 29.7105 0.0366366
5.44619 29.7351 0.0360761
5.44555 29.727 0.0354651
5.44114 29.6788 0.0351474
5.43346 29.5977 0.0354082
5.43095 29.5697 0.0349225
5.43552 29.6194 0.0346659
5.43764 29.6415 0.0341855
5.44658 29.7428 0.0348227
5.44372 29.7111 0.0344099
5.44355 29.708 0.0338929
5.44553 29.7287 0.0334493
5.44946 29.7715 0.0331946
5.45415 29.8231 0.0330515
5.46108 29.901 0.033311
5.46146 29.9042 0.0328474
5.45587 29.8443 0.0328737
5.45503 29.8341 0.0324373
5.45471 29.8296 0.0320035
5.44892 29.768 0.0321056
5.44403 29.7156 0.0320599
5.44149 29.6874 0.0317484
5.44804 29.7611 0.0320215
5.44913 29.7721 0.0316375
5.45667 29.8579 0.0321417
5.46356 29.936 0.0324858
5.45739 29.8707 0.0326806
5.4573 29.8686 0.0322893
5.45461 29.8389 0.0320197
5.45415 29.8329 0.0316486
5.459 29.8869 0.031657
5.45364 29.8299 0.031751
5.4532 29.8241 0.0313953
5.4506 29.7954 0.0311531
5.45924 29.8954 0.0319958
5.46259 29.9321 0.0318237
5.46487 29.9565 0.031562
5.46465 29.9531 0.0312253
5.46367 29.9415 0.0309104
5.46151 29.9174 0.030663
5.46114 29.9125 0.0303475
5.45944 29.8933 0.0300842
5.45885 29.886 0.0297846
5.46093 29.9083 0.0295587
5.46199 29.919 0.0292834
5.46067 29.9041 0.0290245
5.45919 29.8872 0.0287799
5.45423 29.8348 0.0289292
5.45501 29.8426 0.0286629
5.46152 29.9172 0.0291277
5.4575 29.8743 0.0291321
5.45836 29.8829 0.0288738
5.45538 29.8505 0.0287623
5.45546 29.8506 0.0284997
5.45525 29.8474 0.0282426
5.45576 29.8523 0.027994
5.45322 29.8245 0.0278614
5.45503 29.8439 0.0276753
5.4561 29.855 0.0274547
5.46051 29.9046 0.0275719
5.45808 29.878 0.0274434
5.45549 29.8498 0.0273322
5.4535 29.8278 0.0271749
5.45027 29.7931 0.0271403
5.45146 29.8056 0.0269415
5.45153 29.8056 0.0267198
5.45458 29.8392 0.0266762
5.45364 29.8284 0.0264767
5.45792 29.8767 0.0266103
5.45993 29.8984 0.0264744
5.45923 29.8902 0.0262744
5.4644 29.9494 0.0265769
5.46508 29.9562 0.0263788
5.46365 29.9401 0.0262144
5.46208 29.9226 0.0260604
5.46102 29.9105 0.0258841
5.46196 29.9202 0.0257058
5.46007 29.8994 0.0255832
5.46084 29.9072 0.0254047
5.45886 29.8855 0.0252946
5.45859 29.882 0.0251107
5.45713 29.8657 0.0249707
5.45624 29.8555 0.0248064
5.45454 29.8367 0.0246874
5.45637 29.8565 0.0245796
5.45665 29.859 0.0244076
5.45643 29.8561 0.0242373
5.45385 29.8283 0.0242059
5.45257 29.814 0.0240725
5.45475 29.8378 0.0240059
5.45602 29.8514 0.023876
5.4571 29.8628 0.0237386
5.459 29.8835 0.0236554
5.45802 29.8724 0.0235177
5.45547 29.8449 0.0235006
5.4533 29.8215 0.0234454
5.45366 29.8249 0.0232944
5.45341 29.8217 0.0231439
5.45282 29.8147 0.0230017
5.45245 29.8102 0.0228568
5.4502 29.7859 0.0228224
5.45152 29.8001 0.0227162
5.45074 29.7911 0.0225866
5.45123 29.7961 0.0224505
5.45195 29.8034 0.022322
5.45486 29.8361 0.022375
5.45454 29.8322 0.0222396
5.45505 29.8373 0.0221095
5.45434 29.8291 0.0219867
5.45359 29.8206 0.0218666
5.45375 29.8218 0.0217358
5.45265 29.8096 0.0216338
5.45196 29.8017 0.0215164
5.45185 29.7999 0.0213898
5.449 29.7698 0.021454
5.44797 29.7584 0.0213536
5.44577 29.7348 0.0213435
5.44931 29.775 0.0215134
5.44964 29.7782 0.0213927
5.45269 29.8127 0.0214884
5.45372 29.8236 0.0213914
5.4526 29.8112 0.0213005
5.454 29.8264 0.0212275
5.45556 29.8433 0.0211667
5.45919 29.8848 0.0213594
5.46096 29.9043 0.0213155
5.46451 29.9449 0.0214932
5.46331 29.9317 0.0214093
5.46069 29.9038 0.0214542
5.46264 29.9253 0.0214271
5.46442 29.9449 0.0213865
5.46591 29.9612 0.0213245
5.46616 29.9635 0.0212129
5.46579 29.9591 0.0211042
5.46298 29.9294 0.0211812
5.46214 29.9199 0.0210873
5.46194 29.9173 0.0209787
5.46405 29.9407 0.0209761
5.46498 29.9506 0.020889
5.46479 29.9481 0.0207831
5.4634 29.9329 0.0207235
5.46206 29.9182 0.020662
5.45988 29.895 0.0206732
5.45951 29.8905 0.0205729
5.45776 29.8716 0.020545
5.46044 29.9018 0.0206177
5.46052 29.9023 0.020516
5.46168 29.9148 0.0204481
5.46076 29.9046 0.0203687
5.46079 29.9045 0.0202696
5.46097 29.906 0.0201722
5.45881 29.883 0.0201907
5.45906 29.8853 0.0200954
5.45768 29.8702 0.0200469
5.45685 29.861 0.0199686
5.45867 29.8812 0.0199574
5.45882 29.8823 0.019864
5.45749 29.8678 0.0198156
5.45573 29.8489 0.0198016
5.45768 29.8706 0.0198063
5.45981 29.8945 0.0198296
5.46184 29.9171 0.0198421
5.46354 29.936 0.0198248
5.46481 29.9498 0.0197751
5.46396 29.9403 0.0197037
5.46563 29.9588 0.0196857
5.46776 29.9827 0.0197129
5.47017 30.0099 0.019771
5.46933 30.0005 0.0197007
5.4656 29.9625 0.0199643
5.46591 29.9655 0.0198786
5.46411 29.9461 0.0198732
5.46446 29.9496 0.0197894
5.46304 29.9342 0.0197545
5.46243 29.9272 0.0196782
5.46224 29.9247 0.0195942
5.46102 29.9114 0.0195476
5.46147 29.916 0.019469
5.45973 29.8973 0.0194642
5.45859 29.8848 0.0194148
5.45975 29.8973 0.0193672
5.4595 29.8943 0.0192871
5.45842 29.8824 0.019237
5.45805 29.878 0.0191602
5.45684 29.8648 0.0191188
5.45666 29.8625 0.0190404
5.4558 29.8529 0.0189817
5.45514 29.8455 0.018915
5.45328 29.8257 0.0189296
5.45165 29.8082 0.0189231
5.45166 29.808 0.0188463
5.45029 29.7932 0.0188197
5.45135 29.8046 0.0187735
5.44949 29.7849 0.0187899
5.44819 29.7708 0.01876
5.44906 29.78 0.0187054
5.44754 29.7637 0.018693
5.44496 29.737 0.0187966
5.44506 29.7377 0.018723
5.44404 29.7265 0.0186775
5.44638 29.7531 0.0187516
5.44744 29.7645 0.0187085
5.449 29.7819 0.0187019
5.44819 29.7729 0.0186475
5.44773 29.7676 0.0185816
5.44843 29.7749 0.0185236
5.44814 29.7715 0.0184553
5.448 29.7696 0.0183858
5.44711 29.7597 0.018338
5.44756 29.7645 0.0182747
5.4493 29.7838 0.0182885
5.44938 29.7844 0.0182203
5.45091 29.8013 0.0182164
5.44995 29.7908 0.0181739
5.45009 29.7921 0.0181073
5.44943 29.7846 0.0180527
5.45004 29.791 0.0179967
5.45158 29.8081 0.0179969
5.45036 29.7949 0.017973
5.44894 29.7797 0.0179634
5.45015 29.7929 0.0179389
5.45003 29.7913 0.0178747
5.45137 29.8062 0.0178613
5.45144 29.8066 0.0177975
5.44981 29.7892 0.0178093
5.44928 29.7833 0.0177537
5.44966 29.7871 0.0176948
5.44971 29.7873 0.0176325
5.44968 29.7867 0.0175705
5.45 29.7899 0.0175118
5.44958 29.7851 0.0174556
5.45076 29.7981 0.0174349
5.45064 29.7964 0.0173749
5.45188 29.8101 0.0173596
5.4524 29.8155 0.0173074
5.45378 29.8308 0.0173031
5.45399 29.8328 0.0172452
5.45393 29.8319 0.0171865
5.45296 29.8213 0.0171556
5.45373 29.8296 0.0171149
5.45404 29.8327 0.0170599
5.4536 29.8277 0.0170081
5.45458 29.8384 0.0169791
5.45418 29.8337 0.0169273
5.45444 29.8364 0.0168731
5.45529 29.8455 0.0168382
5.45568 29.8496 0.0167871
5.45548 29.8471 0.016733
5.45587 29.8512 0.0166827
5.45691 29.8625 0.0166601
5.4578 29.8722 0.0166298
5.45716 29.8651 0.016588
5.45751 29.8686 0.0165378
5.45945 29.8908 0.0165988
5.46066 29.9041 0.0165891
5.46047 29.9017 0.0165369
5.46194 29.9182 0.0165494
5.4616 29.9143 0.0165
5.46343 29.9351 0.016549
5.46374 29.9382 0.0164993
5.46415 29.9425 0.0164525
5.46419 29.9426 0.0164007
5.46471 29.9481 0.0163574
5.46393 29.9396 0.0163246
5.46316 29.9311 0.0162919
5.46248 29.9235 0.0162555
5.46355 29.9353 0.0162404
5.4645 29.9458 0.0162182
5.46739 29.9798 0.0164244
5.46638 29.9688 0.0164052
5.46542 29.9584 0.0163829
5.46618 29.9666 0.0163504
5.46707 29.9762 0.0163247
5.46745 29.9802 0.0162796
5.46832 29.9897 0.0162536
5.46886 29.9955 0.0162138
5.46824 29.9886 0.016177
5.46775 29.9829 0.0161361
5.46693 29.974 0.0161086
5.46614 29.9653 0.0160802
5.46635 29.9673 0.0160338
5.4654 29.957 0.0160143
5.46535 29.9562 0.0159671
5.46512 29.9534 0.0159217
5.46545 29.9569 0.0158785
5.46512 29.953 0.0158354
5.4654 29.9559 0.0157917
5.46508 29.9521 0.0157491
5.46543 29.9558 0.0157073
5.4661 29.9631 0.0156763
5.46603 29.962 0.0156312
5.46543 29.9553 0.0155979
5.46714 29.9748 0.0156472
5.46728 29.9762 0.0156031
5.4675 29.9782 0.01556
5.46564 29.9589 0.0156263
5.46574 29.9597 0.0155823
5.46513 29.953 0.0155502
5.46471 29.9482 0.0155119
5.46588 29.9613 0.0155123
5.46376 29.9395 0.0156128
5.46311 29.9323 0.0155829
5.46349 29.9362 0.0155441
5.46375 29.9389 0.0155031
5.46342 29.935 0.0154637
5.46198 29.9199 0.0154875
5.46283 29.9291 0.0154677
5.4638 29.9399 0.0154562
5.46273 29.9283 0.0154511
5.46144 29.9146 0.0154625
5.46136 29.9134 0.0154206
5.46228 29.9236 0.015406
5.4621 29.9214 0.0153652
5.46246 29.9252 0.015328
5.46225 29.9227 0.015288
5.4627 29.9274 0.0152534
5.46294 29.9298 0.0152143
5.46428 29.9449 0.0152327
5.46437 29.9457 0.0151923
5.46255 29.9267 0.0152612
5.46216 29.9223 0.0152256
5.46148 29.9149 0.0152002
5.46274 29.9289 0.0152116
5.46226 29.9237 0.0151788
5.46232 29.924 0.015139
5.46102 29.9102 0.0151556
5.46234 29.9251 0.0151738
5.46223 29.9237 0.0151346
5.46111 29.9117 0.0151369
5.46147 29.9155 0.0151021
5.46162 29.9169 0.0150637
5.46197 29.9206 0.015029
5.46164 29.9168 0.014994
5.4617 29.9172 0.0149556
5.46161 29.916 0.0149176
5.46298 29.9314 0.0149419
5.46269 29.9281 0.0149066
5.46432 29.9467 0.0149573
5.46347 29.9375 0.0149436
5.46278 29.93 0.0149215
5.46261 29.9279 0.0148848
5.46194 29.9205 0.0148627
5.4619 29.9198 0.0148255
5.46184 29.919 0.0147885
5.46168 29.9171 0.0147524
5.46133 29.913 0.0147198
5.46164 29.9162 0.0146864
5.46105 29.9097 0.0146618
5.46048 29.9034 0.0146365
5.46064 29.9049 0.0146012
5.46084 29.9069 0.0145667
5.4602 29.8999 0.0145449
5.46018 29.8995 0.0145093
5.46013 29.8987 0.014474
5.46074 29.9053 0.0144517
5.45976 29.8948 0.0144502
5.46052 29.9031 0.0144353
5.46045 29.9022 0.0144005
5.46026 29.8999 0.014367
5.46048 29.9021 0.0143341
5.4603 29.9 0.0143008
5.46107 29.9084 0.014287
5.46019 29.8989 0.0142797
5.46061 29.9034 0.0142518
5.46127 29.9105 0.0142332
5.46215 29.9203 0.0142269
5.46248 29.9237 0.014197
5.46125 29.9107 0.0142166
5.46131 29.9112 0.0141833
5.46126 29.9104 0.0141501
5.4627 29.9269 0.0141904
5.46139 29.9131 0.0142182
5.46094 29.908 0.0141921
5.46107 29.9093 0.0141597
5.46182 29.9176 0.0141468
5.46181 29.9173 0.014114
5.46177 29.9166 0.0140815
5.4619 29.9178 0.0140496
5.46255 29.9249 0.0140326
5.46284 29.928 0.0140034
5.46249 29.9239 0.0139758
5.46273 29.9264 0.013946
5.46262 29.9251 0.0139147
5.46218 29.9201 0.01389
5.46286 29.9275 0.013875
5.462 29.9182 0.0138703
5.461 29.9076 0.0138746
5.46104 29.9079 0.0138433
5.4606 29.903 0.0138191
5.45983 29.8946 0.0138097
5.45936 29.8893 0.013787
5.45954 29.8912 0.0137574
5.45926 29.888 0.0137297
5.45938 29.889 0.0136996
5.46008 29.8968 0.0136874
5.45988 29.8944 0.0136585
5.45904 29.8854 0.0136543
5.45901 29.8849 0.0136242
5.45927 29.8876 0.0135966
5.45899 29.8843 0.0135697
5.45909 29.8852 0.0135404
5.45777 29.8715 0.0135747
5.45835 29.8778 0.0135577
5.45834 29.8774 0.0135282
5.45826 29.8765 0.013499
5.45869 29.881 0.0134764
5.45912 29.8856 0.0134542
5.45859 29.8798 0.0134357
5.45929 29.8875 0.0134253
5.4597 29.8918 0.0134025
5.45943 29.8888 0.0133764
5.45837 29.8776 0.0133895
5.45893 29.8836 0.0133725
5.45887 29.8828 0.0133441
5.45929 29.8873 0.0133225
5.45975 29.8922 0.0133022
5.46007 29.8955 0.0132778
5.461 29.9059 0.0132822
5.46114 29.9073 0.013255
5.46221 29.9194 0.0132708
5.4625 29.9224 0.013246
5.46214 29.9184 0.013223
5.46188 29.9154 0.013198
5.46182 29.9145 0.0131706
5.46193 29.9156 0.0131437
5.46204 29.9166 0.0131168
5.46263 29.923 0.0131028
5.46274 29.9241 0.0130762
5.46194 29.9155 0.0130742
5.46187 29.9146 0.0130474
5.46106 29.9059 0.013046
5.46042 29.899 0.0130348
5.4614 29.9099 0.0130448
5.46042 29.8995 0.013055
5.46033 29.8983 0.0130287
5.46023 29.8972 0.0130026
5.4598 29.8923 0.0129835
5.46019 29.8965 0.0129632
5.46084 29.9037 0.0129534
5.4614 29.9097 0.012939
5.46087 29.904 0.0129235
5.46121 29.9076 0.0129021
5.46137 29.9091 0.0128771
5.46187 29.9146 0.0128614
5.46184 29.9141 0.0128357
5.46165 29.9118 0.0128116
5.46054 29.9002 0.012834
5.4611 29.9063 0.0128207
5.46098 29.9048 0.0127959
5.4607 29.9016 0.0127736
5.46176 29.9136 0.0127923
5.46209 29.9172 0.0127716
5.4622 29.9182 0.0127469
5.46268 29.9234 0.012731
5.46231 29.9193 0.0127114
5.46273 29.9238 0.0126934
5.46314 29.9282 0.0126752
5.46361 29.9332 0.0126592
5.46331 29.9298 0.0126381
5.46345 29.9313 0.0126144
5.46369 29.9337 0.0125922
5.46399 29.9369 0.0125716
5.46402 29.9371 0.0125473
5.46495 29.9476 0.012558
5.46486 29.9464 0.0125342
5.46645 29.965 0.0126109
5.46629 29.963 0.0125879
5.4659 29.9587 0.0125698
5.46549 29.9541 0.0125527
5.46513 29.9501 0.012534
5.46485 29.9469 0.0125133
5.46482 29.9465 0.0124896
5.46533 29.952 0.0124763
5.46519 29.9504 0.0124535
5.4647 29.9449 0.0124399
5.46489 29.9469 0.012418
5.46415 29.9389 0.0124168
5.46381 29.9351 0.0123982
5.46382 29.9351 0.012375
5.46353 29.9319 0.0123554
5.46419 29.9391 0.0123499
5.46452 29.9426 0.0123313
5.46498 29.9476 0.012317
5.46538 29.9519 0.0123007
5.46588 29.9574 0.0122881
5.46559 29.9541 0.0122688
5.46507 29.9484 0.0122573
5.46491 29.9466 0.0122358
5.46485 29.9458 0.0122134
5.46457 29.9426 0.0121943
5.46475 29.9444 0.0121733
5.46539 29.9515 0.012168
5.46557 29.9534 0.0121471
5.46488 29.9459 0.0121449
5.4653 29.9504 0.01213
5.46534 29.9508 0.0121081
5.46535 29.9507 0.0120862
5.46572 29.9546 0.01207
5.46597 29.9573 0.0120509
5.46643 29.9623 0.0120382
5.4668 29.9663 0.0120221
5.46701 29.9685 0.0120024
5.46664 29.9644 0.0119866
5.46675 29.9654 0.0119656
5.4658 29.9553 0.0119819
5.46572 29.9544 0.0119608
5.4658 29.9551 0.0119398
5.46542 29.9509 0.0119248
5.46477 29.9439 0.0119213
5.46444 29.9402 0.0119048
5.46503 29.9467 0.0118987
5.46444 29.9403 0.0118924
5.46464 29.9423 0.0118732
5.46483 29.9443 0.0118539
5.46481 29.944 0.0118331
5.46493 29.9451 0.011813
5.4651 29.9469 0.0117936
5.4653 29.9489 0.0117747
5.4656 29.9522 0.0117582
5.46601 29.9566 0.0117449
5.46583 29.9545 0.011726
5.46604 29.9567 0.0117074
5.46614 29.9577 0.0116877
5.46586 29.9545 0.0116709
5.46623 29.9585 0.0116566
5.46663 29.9628 0.0116434
5.46673 29.9638 0.0116238
5.46689 29.9654 0.011605
5.46669 29.9631 0.0115868
5.46652 29.9611 0.0115683
5.46682 29.9643 0.0115525
5.46657 29.9615 0.0115356
5.46623 29.9578 0.0115208
5.46496 29.9447 0.0115714
5.4659 29.9553 0.0115898
5.46603 29.9566 0.0115709
5.46595 29.9556 0.0115516
5.46668 29.9638 0.0115554
5.46734 29.9711 0.0115548
5.46673 29.9646 0.0115513
5.46707 29.9682 0.0115369
5.46756 29.9735 0.0115279
5.46771 29.9751 0.0115096
5.4681 29.9793 0.011497
5.46808 29.979 0.0114778
5.4673 29.9707 0.0114855
5.46728 29.9703 0.0114665
5.46702 29.9674 0.0114505
5.46751 29.9727 0.0114421
5.467 29.9672 0.0114347
5.46716 29.9688 0.0114169
5.46741 29.9715 0.011401
5.4671 29.968 0.0113866
5.46749 29.9723 0.0113746
5.46691 29.966 0.0113707
5.46772 29.9751 0.0113807
5.46785 29.9764 0.0113629
5.46769 29.9746 0.0113455
5.46744 29.9718 0.0113297
5.46748 29.9721 0.0113114
5.46766 29.9738 0.0112944
5.46762 29.9733 0.0112761
5.46741 29.9709 0.0112599
5.46714 29.9679 0.0112448
5.46693 29.9655 0.0112288
5.46706 29.9668 0.0112114
5.46693 29.9653 0.0111941
5.46677 29.9634 0.0111774
5.46651 29.9605 0.0111625
5.46724 29.9687 0.0111687
5.46715 29.9675 0.0111512
5.46715 29.9674 0.0111335
5.46678 29.9633 0.011122
5.46743 29.9706 0.0111235
5.46719 29.9679 0.0111083
5.46771 29.9737 0.011103
5.46833 29.9805 0.0111025
5.46846 29.9819 0.0110858
5.46817 29.9786 0.0110723
5.46802 29.9769 0.0110558
5.46832 29.9801 0.0110425
5.46874 29.9847 0.0110331
5.46907 29.9882 0.0110207
5.46954 29.9934 0.0110135
5.46926 29.9902 0.0109999
5.46885 29.9857 0.0109905
5.46888 29.986 0.0109735
5.46902 29.9874 0.0109573
5.46842 29.981 0.0109566
5.46842 29.9808 0.0109397
5.46888 29.9859 0.0109325
5.46933 29.9908 0.010925
5.46892 29.9863 0.0109161
5.46935 29.9911 0.0109081
5.469 29.9871 0.0108972
5.46941 29.9916 0.0108883
5.47014 29.9999 0.0108964
5.47046 30.0033 0.0108842
5.47032 30.0016 0.0108684
5.46993 29.9974 0.0108588
5.47024 30.0007 0.0108467
5.46892 29.9873 0.0109097
5.46914 29.9896 0.0108953
5.46861 29.9838 0.0108916
5.46844 29.9819 0.0108764
5.4688 29.9858 0.0108659
5.46889 29.9866 0.0108499
5.46879 29.9855 0.0108339
5.46902 29.9879 0.01082
5.46868 29.9841 0.010809
5.46871 29.9844 0.0107929
5.46846 29.9815 0.0107798
5.46859 29.9829 0.0107645
5.46858 29.9827 0.0107484
5.46879 29.9848 0.0107343
5.4683 29.9796 0.010729
5.46844 29.981 0.0107139
5.46765 29.9726 0.0107273
5.46778 29.9739 0.0107122
5.46726 29.9684 0.0107086
5.46832 29.9805 0.0107446
5.4676 29.9729 0.0107529
5.46722 29.9687 0.0107438
5.46718 29.9682 0.0107281
5.46747 29.9713 0.0107164
5.46629 29.9593 0.0107655
5.46673 29.9641 0.0107588
5.46716 29.9688 0.0107517
5.46671 29.9639 0.0107457
5.46689 29.9657 0.0107315
5.46679 29.9646 0.0107163
5.46616 29.9579 0.0107191
5.466 29.956 0.0107048
5.46538 29.9494 0.0107069
5.46417 29.9371 0.0107598
5.46396 29.9347 0.0107463
5.46464 29.9422 0.0107519
5.46495 29.9456 0.010741
5.46479 29.9438 0.0107266
5.4651 29.9471 0.0107154
5.46432 29.9389 0.0107279
5.46445 29.9402 0.0107133
5.46424 29.9378 0.0107
5.46435 29.9389 0.0106853
5.46331 29.9282 0.0107208
5.46368 29.9323 0.0107122
5.46401 29.9358 0.0107018
5.46454 29.9417 0.0106999
5.46431 29.9391 0.0106872
5.46469 29.9433 0.010679
5.46519 29.9487 0.0106753
5.46568 29.9541 0.0106714
5.46584 29.9558 0.0106575
5.46567 29.9539 0.0106438
5.46561 29.9531 0.010629
5.46477 29.9444 0.0106471
5.46484 29.9449 0.0106324
5.46518 29.9487 0.0106231
5.46543 29.9513 0.0106111
5.46607 29.9585 0.0106154
5.46666 29.9651 0.0106175
5.46643 29.9625 0.0106053
5.46697 29.9686 0.0106047
5.4663 29.9614 0.0106113
5.46612 29.9594 0.0105981
5.46703 29.9697 0.0106218
5.46627 29.9618 0.010634
5.46544 29.953 0.0106521
5.46502 29.9485 0.0106455
5.46457 29.9437 0.0106401
5.46415 29.9391 0.0106339
5.46439 29.9416 0.010622
5.46443 29.9419 0.0106075
5.46472 29.945 0.0105967
5.46451 29.9426 0.0105843
5.46508 29.949 0.0105853
5.46444 29.9422 0.0105899
5.46447 29.9424 0.0105755
5.46421 29.9395 0.0105643
5.46428 29.9402 0.0105502
5.46441 29.9415 0.0105367
5.46433 29.9405 0.0105227
5.46414 29.9384 0.0105101
5.46416 29.9385 0.0104959
5.4641 29.9377 0.0104819
5.46382 29.9346 0.0104716
5.46269 29.9231 0.0105184
5.46296 29.926 0.0105078
5.46291 29.9253 0.0104939
5.46242 29.9201 0.0104912
5.46254 29.9212 0.0104777
5.46275 29.9235 0.0104658
5.46308 29.927 0.0104571
5.46322 29.9285 0.0104441
5.46279 29.9238 0.0104388
5.46266 29.9222 0.0104258
5.46381 29.9357 0.0104757
5.46373 29.9348 0.010462
5.46352 29.9324 0.0104504
5.46403 29.9381 0.0104491
5.46434 29.9414 0.0104398
5.464 29.9377 0.0104314
5.46395 29.937 0.0104178
5.46403 29.9378 0.0104044
5.46423 29.9398 0.0103925
5.46411 29.9384 0.0103795
5.46444 29.942 0.0103712
5.46432 29.9407 0.0103583
5.46452 29.9427 0.0103466
5.46461 29.9437 0.0103335
5.46386 29.9357 0.0103478
5.46389 29.936 0.0103344
5.46462 29.9443 0.0103471
5.46401 29.9378 0.0103518
5.46369 29.9343 0.0103432
5.46365 29.9337 0.0103299
5.46317 29.9285 0.0103277
5.46343 29.9313 0.0103177
5.46331 29.93 0.010305
5.46297 29.9262 0.0102974
5.46311 29.9276 0.010285
5.46314 29.9279 0.0102719
5.46312 29.9275 0.0102587
5.46327 29.9291 0.0102467
5.46336 29.93 0.010234
5.46346 29.931 0.0102214
5.46321 29.9283 0.0102113
5.46341 29.9304 0.0102002
5.46371 29.9336 0.0101915
5.46419 29.9389 0.0101899
5.4641 29.9378 0.0101773
5.46466 29.944 0.0101799
5.46415 29.9386 0.0101796
5.46414 29.9384 0.0101667
5.46416 29.9385 0.0101539
5.4641 29.9377 0.0101413
5.46429 29.9398 0.0101303
5.46446 29.9415 0.010119
5.46447 29.9415 0.0101062
5.46444 29.9411 0.0100935
5.46482 29.9453 0.0100881
5.46514 29.9487 0.0100802
5.46532 29.9507 0.0100693
5.46524 29.9497 0.0100571
5.46502 29.9472 0.010047
5.4654 29.9513 0.0100417
5.46536 29.9508 0.0100292
5.4652 29.949 0.0100181
5.46489 29.9456 0.0100104
5.46481 29.9446 0.00999828
5.46442 29.9403 0.00999376
5.46417 29.9376 0.00998431
5.46415 29.9372 0.009972
5.46429 29.9387 0.00996074
5.46421 29.9377 0.00994882
5.46439 29.9396 0.0099382
5.46425 29.938 0.00992695
5.46384 29.9336 0.0099231
5.46396 29.9348 0.00991165
5.46387 29.9338 0.00989989
5.46397 29.9348 0.00988829
5.46426 29.9379 0.00988041
5.4646 29.9416 0.00987409
5.4658 29.9558 0.00993529
5.46585 29.9563 0.0099233
5.4658 29.9556 0.00991136
5.46547 29.952 0.00990488
5.46539 29.951 0.00989317
5.46555 29.9528 0.00988258
5.465 29.9469 0.00988617
5.46482 29.9448 0.00987592
5.46495 29.9461 0.00986488
5.46504 29.9471 0.0098534
5.46488 29.9453 0.00984279
5.465 29.9465 0.00983168
5.46476 29.9438 0.00982281
5.46511 29.9476 0.00981705
5.4653 29.9496 0.00980714
5.4654 29.9507 0.00979593
5.46542 29.9508 0.00978423
5.465 29.9462 0.00978166
5.46432 29.9391 0.00979356
5.46409 29.9365 0.00978468
5.46383 29.9336 0.0097764
5.4639 29.9343 0.00976505
5.46354 29.9304 0.00975997
5.46344 29.9292 0.00974898
5.46369 29.9319 0.00974074
5.46363 29.9311 0.00972943
5.46362 29.9309 0.00971792
5.46381 29.933 0.00970838
5.46397 29.9347 0.00969824
5.46408 29.9357 0.00968736
5.46437 29.9389 0.00968056
5.46422 29.9372 0.00967036
5.46429 29.9379 0.00965924
5.46435 29.9384 0.00964806
5.46362 29.9308 0.0096637
5.464 29.935 0.00965969
5.46452 29.9408 0.0096625
5.46435 29.9389 0.00965275
5.46324 29.9277 0.00970481
5.46366 29.9324 0.00970259
5.46344 29.9299 0.00969382
5.46263 29.9215 0.00971686
5.46246 29.9196 0.00970695
5.46244 29.9193 0.00969572
5.4621 29.9155 0.00969055
5.46238 29.9187 0.00968361
5.46207 29.9152 0.00967764
5.46234 29.9182 0.00967051
5.46237 29.9184 0.00965939
5.46274 29.9224 0.00965522
5.46298 29.9251 0.00964728
5.4629 29.9241 0.00963654
5.46303 29.9254 0.0096264
5.46334 29.9288 0.00962041
5.46351 29.9305 0.00961076
5.46373 29.9329 0.00960228
5.46349 29.9303 0.00959413
5.46361 29.9315 0.00958388
5.46363 29.9316 0.00957297
5.46378 29.9332 0.00956336
5.46362 29.9314 0.00955383
5.46372 29.9324 0.00954349
5.46375 29.9326 0.0095327
5.46313 29.9261 0.0095416
5.46291 29.9236 0.00953345
5.46272 29.9215 0.00952458
5.46226 29.9166 0.0095247
5.46189 29.9125 0.00952146
5.4621 29.9148 0.00951316
5.46183 29.9119 0.00950626
5.46164 29.9097 0.00949746
5.46204 29.9141 0.00949501
5.46194 29.9129 0.00948485
5.46123 29.9055 0.00950106
5.46123 29.9055 0.00949043
5.46081 29.9009 0.00948932
5.46106 29.9036 0.00948193
5.46107 29.9036 0.00947136
5.46079 29.9005 0.00946495
5.46041 29.8965 0.00946173
5.45972 29.8893 0.00947671
5.45997 29.892 0.00946959
5.45968 29.8888 0.0094637
5.45973 29.8893 0.00945338
5.45981 29.8901 0.00944327
5.45998 29.8918 0.00943424
5.46038 29.8963 0.00943234
5.46056 29.8982 0.00942367
5.46058 29.8983 0.0094133
5.46058 29.8983 0.00940294
5.46033 29.8955 0.00939594
5.4603 29.8951 0.00938567
5.46081 29.9007 0.00938896
5.46043 29.8967 0.00938626
5.46035 29.8956 0.00937638
5.46053 29.8976 0.00936801
5.46038 29.8959 0.00935909
5.46038 29.8958 0.00934887
5.46018 29.8936 0.00934085
5.46047 29.8967 0.00933505
5.46158 29.9099 0.00939133
5.46154 29.9093 0.00938124
5.46214 29.9162 0.00939036
5.46189 29.9135 0.00938337
5.46183 29.9126 0.00937345
5.46197 29.9141 0.00936437
5.46188 29.9131 0.00935464
5.4619 29.9133 0.00934458
5.46149 29.9088 0.00934367
5.46124 29.9061 0.00933696
5.46184 29.9128 0.0093459
5.46185 29.9128 0.00933586
5.46187 29.913 0.00932587
5.46177 29.9118 0.00931646
5.46222 29.9169 0.00931755
5.46225 29.9171 0.00930763
5.46229 29.9175 0.00929777
5.46239 29.9184 0.00928833
5.46245 29.919 0.00927861
5.46209 29.9151 0.0092756
5.46259 29.9207 0.00927906
5.46265 29.9213 0.00926941
5.46275 29.9223 0.00926012
5.46277 29.9225 0.00925032
5.46219 29.9164 0.0092586
5.46245 29.9192 0.00925246
5.46235 29.918 0.00924325
5.46255 29.9202 0.00923571
5.46205 29.9148 0.00923979
5.46222 29.9166 0.00923153
5.46202 29.9144 0.00922383
5.46199 29.914 0.0092142
5.46223 29.9165 0.00920762
5.46246 29.9191 0.00920094
5.46248 29.9192 0.00919132
5.46245 29.9188 0.00918176
5.4626 29.9204 0.00917341
5.46269 29.9213 0.00916427
5.46246 29.9187 0.00915756
5.46243 29.9183 0.00914806
5.46241 29.918 0.00913855
5.4626 29.9201 0.00913113
5.46258 29.9197 0.00912167
5.46283 29.9224 0.00911561
5.46284 29.9224 0.00910615
5.46285 29.9226 0.00909673
5.46353 29.9303 0.00911242
5.4632 29.9267 0.00910902
5.46332 29.9279 0.00910038
5.46375 29.9327 0.00910118
5.46383 29.9335 0.00909213
5.46393 29.9345 0.00908331
5.46352 29.9301 0.00908325
5.46331 29.9279 0.00907614
5.46365 29.9315 0.00907285
5.46308 29.9256 0.00908094
5.46297 29.9242 0.0090724
5.46261 29.9205 0.0090699
5.46271 29.9214 0.00906112
5.46306 29.9252 0.0090585
5.46275 29.9219 0.00905432
5.46293 29.9238 0.00904683
5.46283 29.9226 0.00903822
5.46259 29.92 0.00903214
5.46263 29.9203 0.00902304
5.46196 29.9134 0.00903884
5.46213 29.9152 0.00903132
5.46198 29.9135 0.00902349
5.46198 29.9135 0.00901436
5.46191 29.9126 0.00900551
5.46184 29.9118 0.00899669
5.46166 29.9098 0.00898937
5.46112 29.904 0.00899701
5.4612 29.9048 0.00898832
5.46126 29.9054 0.00897946
5.46133 29.9061 0.00897075
5.46138 29.9065 0.00896184
5.46111 29.9037 0.00895666
5.46123 29.9049 0.00894844
5.46123 29.9048 0.00893947
5.46124 29.9049 0.00893054
