5.50927 30.352 0
5.48222 30.0555 0.0270449
5.4596 29.8087 0.0274865
5.5771 31.1466 0.1191
5.56701 31.0261 0.0928047
5.54237 30.7496 0.0796825
5.52919 30.6002 0.0686204
5.53265 30.635 0.0595275
5.51015 30.3878 0.0571184
5.54663 30.8006 0.06278
5.58604 31.2516 0.0691202
5.50538 30.4246 0.102408
5.45621 29.9057 0.106265
5.43069 29.6267 0.101636
5.46113 29.9623 0.0993924
5.46301 29.9742 0.0929922
5.49885 30.38 0.0944166
5.50089 30.3946 0.0890402
5.50694 30.4547 0.0844405
5.49142 30.2822 0.0815957
5.48983 30.2588 0.0776293
5.47903 30.1372 0.0748012
5.49205 30.2787 0.0726514
5.50424 30.4114 0.0706193
5.49623 30.3202 0.0682075
5.49527 30.3053 0.0655388
5.49053 30.2499 0.0632423
5.47888 30.1221 0.0620457
5.47845 30.1138 0.0598695
5.47778 30.1031 0.0578433
5.48719 30.2058 0.056731
5.48839 30.216 0.0549427
5.486 30.1871 0.0533053
5.48019 30.1218 0.0520392
5.46779 29.9888 0.0520289
5.48221 30.1514 0.0525789
5.48199 30.1464 0.0511386
5.47593 30.0788 0.0501427
5.4699 30.0118 0.0492105
5.46923 30.0022 0.0479691
5.4668 29.9737 0.0468474
5.46092 29.9088 0.046095
5.46182 29.9166 0.0450192
5.45733 29.8665 0.0442134
5.46283 29.926 0.0435683
5.47662 30.0836 0.0447876
5.48425 30.168 0.0444833
5.4786 30.1057 0.0439111
5.47322 30.0463 0.0433418
5.47459 30.0596 0.0424884
5.46679 29.9756 0.0423706
5.46729 29.9793 0.0415508
5.46625 29.9663 0.0407726
5.47009 30.0075 0.0401945
5.4722 30.0293 0.0395133
5.4783 30.0966 0.0392773
5.4811 30.1262 0.0386833
5.47614 30.0718 0.0383324
5.46942 29.9995 0.0382712
5.46959 29.9999 0.0376283
5.47411 30.0492 0.0372809
5.46864 29.9899 0.0370793
5.4661 29.9612 0.0365746
5.4623 29.9193 0.0361986
5.45955 29.8884 0.0357435
5.46314 29.9273 0.0353807
5.46141 29.9073 0.0348915
5.46189 29.9114 0.0343779
5.45713 29.8598 0.0342084
5.45484 29.8341 0.0337938
5.454 29.8239 0.033325
5.45023 29.7827 0.0330747
5.44919 29.7704 0.0326349
5.44561 29.7312 0.0323903
5.44324 29.7048 0.0320432
5.43512 29.6204 0.0326444
5.43536 29.622 0.0322186
5.42869 29.552 0.0324943
5.43072 29.5733 0.0321444
5.43356 29.6038 0.0318669
5.43567 29.6261 0.0315416
5.43781 29.6487 0.031228
5.4385 29.6553 0.0308572
5.4423 29.697 0.0307241
5.44388 29.7135 0.0304014
5.44293 29.7023 0.0300608
5.44588 29.7343 0.0298594
5.44055 29.6778 0.0299966
5.44071 29.6788 0.0296581
5.44227 29.695 0.0293678
5.44942 29.7768 0.0299123
5.45095 29.7928 0.0296249
5.45028 29.7846 0.0293124
5.44872 29.767 0.0290408
5.44228 29.6999 0.0294453
5.4407 29.6821 0.0291801
5.44091 29.6836 0.0288785
5.44045 29.6777 0.0285861
5.44154 29.6889 0.0283169
5.44982 29.7851 0.0292296
5.44984 29.7845 0.0289388
5.44995 29.7849 0.0286539
5.4507 29.7924 0.0283844
5.45006 29.7846 0.0281175
5.44784 29.7602 0.0279365
5.44405 29.7196 0.0279302
5.44998 29.7872 0.0282965
5.45387 29.8304 0.0283008
5.45028 29.7918 0.0282685
5.44945 29.7821 0.0280227
5.44755 29.761 0.0278341
5.44601 29.7437 0.0276274
5.44537 29.7361 0.0273891
5.44191 29.699 0.0273686
5.44087 29.6871 0.0271491
5.44098 29.6875 0.0269143
5.44058 29.6825 0.0266862
5.4403 29.6788 0.0264606
5.44358 29.7151 0.0264415
5.44547 29.7354 0.0262884
5.44406 29.7196 0.0261084
5.4473 29.7555 0.0260952
5.44675 29.7489 0.0258879
5.44581 29.7381 0.0256955
5.44602 29.7397 0.0254899
5.44914 29.7743 0.0254788
5.45169 29.8023 0.0254054
5.45067 29.7906 0.0252269
5.45049 29.788 0.0250313
5.45003 29.7824 0.0248422
5.45225 29.8067 0.0247515
5.45082 29.7908 0.0246046
5.45237 29.8073 0.0244675
5.45511 29.8376 0.0244384
5.45503 29.8362 0.0242568
5.45583 29.8444 0.0240909
5.454 29.8243 0.0239843
5.45671 29.8543 0.0239639
5.45616 29.8478 0.0237972
5.45731 29.8601 0.0236547
5.45708 29.857 0.0234875
5.45556 29.8402 0.0233712
5.4556 29.84 0.0232072
5.45339 29.8161 0.0231513
5.45001 29.7804 0.0232374
5.44868 29.7656 0.0231162
5.44762 29.7536 0.022983
5.4444 29.7197 0.0230521
5.44521 29.728 0.022911
5.44324 29.7066 0.0228426
5.4426 29.6991 0.0226999
5.4461 29.7386 0.0228208
5.44895 29.7705 0.02285
5.44862 29.7663 0.0227037
5.45008 29.782 0.0226038
5.45322 29.8173 0.0226776
5.45431 29.8289 0.022559
5.45392 29.8241 0.0224193
5.45016 29.7849 0.0225929
5.45234 29.8089 0.022557
5.45548 29.8443 0.0226357
5.45619 29.8516 0.0225068
5.45558 29.8444 0.0223768
5.45731 29.8633 0.0223073
5.45832 29.874 0.0221947
5.45817 29.8719 0.0220611
5.45719 29.861 0.0219502
5.45658 29.8538 0.0218279
5.45536 29.8403 0.0217327
5.45453 29.8309 0.0216204
5.45422 29.8271 0.0214957
5.45148 29.798 0.0215455
5.44926 29.7742 0.0215353
5.4493 29.7741 0.0214112
5.4495 29.7759 0.0212895
5.44917 29.7718 0.0211708
5.45073 29.7889 0.0211088
5.45047 29.7856 0.0209915
5.44923 29.772 0.0209105
5.44862 29.7649 0.020803
5.44999 29.7797 0.0207328
5.45021 29.7817 0.0206197
5.45166 29.7975 0.020558
5.45318 29.814 0.0205022
5.45274 29.8089 0.0203957
5.45523 29.8368 0.0204376
5.45592 29.844 0.0203398
5.45604 29.8449 0.0202317
5.45871 29.875 0.0203011
5.46001 29.8892 0.020236
5.46232 29.9149 0.0202608
5.46523 29.9479 0.0203644
5.46647 29.9614 0.0202965
5.46499 29.9452 0.0202454
5.46825 29.9826 0.0204036
5.46948 29.9958 0.020336
5.46976 29.9985 0.0202344
5.46979 29.9984 0.020132
5.46845 29.9838 0.0200748
5.46884 29.9876 0.0199779
5.47213 30.0254 0.0201485
5.47197 30.0233 0.0200491
5.47302 30.0346 0.0199778
5.47269 30.0306 0.0198823
5.4736 30.0404 0.0198061
5.47405 30.0449 0.0197147
5.47398 30.0438 0.0196193
5.4737 30.0403 0.0195268
5.47324 30.0349 0.0194386
5.47306 30.0326 0.0193466
5.47251 30.0262 0.0192627
5.472 30.0204 0.0191783
5.47193 30.0193 0.0190882
5.47038 30.0024 0.019062
5.46871 29.9845 0.0190459
5.46965 29.9945 0.0189806
5.47126 30.0124 0.0189614
5.47063 30.0052 0.0188847
5.47422 30.0469 0.0191382
5.47323 30.0359 0.0190769
5.47136 30.0159 0.0190822
5.47328 30.0373 0.0190929
5.47315 30.0356 0.0190075
5.4725 30.0282 0.0189336
5.47484 30.0547 0.0189941
5.47588 30.0659 0.0189383
5.47552 30.0617 0.0188581
5.47335 30.0387 0.0188997
5.47538 30.0615 0.0189261
5.47321 30.0385 0.0189678
5.47238 30.0291 0.0189039
5.47245 30.0296 0.0188224
5.47433 30.0506 0.018835
5.47667 30.0772 0.0189004
5.47783 30.0898 0.0188554
5.47723 30.083 0.018785
5.4754 30.0634 0.0187947
5.4743 30.0512 0.018748
5.47297 30.0368 0.0187167
5.47268 30.0333 0.0186408
5.47179 30.0233 0.0185847
5.47022 30.0065 0.0185739
5.46923 29.9956 0.0185236
5.46711 29.973 0.0185699
5.46694 29.9709 0.0184947
5.46487 29.949 0.0185352
5.4643 29.9425 0.0184686
5.4641 29.94 0.0183951
5.46467 29.946 0.01833
5.4642 29.9405 0.0182627
5.46315 29.929 0.01822
5.46336 29.9309 0.0181488
5.46309 29.9277 0.0180789
5.46405 29.9381 0.0180334
5.46372 29.9343 0.0179655
5.46353 29.9318 0.0178962
5.46461 29.9436 0.0178589
5.46787 29.9817 0.0180873
5.46639 29.9658 0.0180781
5.46636 29.9651 0.0180085
5.46775 29.9805 0.0179932
5.46669 29.9689 0.0179556
5.46717 29.9738 0.0178936
5.46738 29.9758 0.0178268
5.46754 29.9772 0.0177602
5.46691 29.9701 0.0177044
5.46773 29.979 0.017657
5.46765 29.9778 0.0175912
5.46748 29.9757 0.0175265
5.46709 29.9711 0.0174659
5.4671 29.971 0.0174013
5.46641 29.9632 0.0173512
5.46532 29.9513 0.017322
5.46587 29.9571 0.0172674
5.46595 29.9577 0.0172047
5.46693 29.9684 0.0171702
5.46721 29.9712 0.0171104
5.46752 29.9743 0.0170516
5.46758 29.9747 0.0169905
5.46532 29.9511 0.0170798
5.46355 29.9324 0.0171101
5.46583 29.9584 0.0172002
5.46566 29.9563 0.0171401
5.46674 29.9681 0.0171136
5.46703 29.9711 0.017056
5.46645 29.9645 0.017006
5.46795 29.9813 0.0170128
5.46654 29.9661 0.0170127
5.4645 29.9448 0.0170751
5.46332 29.932 0.0170571
5.462 29.9177 0.0170502
5.46121 29.909 0.0170099
5.45957 29.8916 0.0170305
5.45988 29.8947 0.0169752
5.46031 29.8992 0.0169231
5.46083 29.9046 0.0168737
5.46043 29.9 0.0168215
5.45976 29.8926 0.0167782
5.45947 29.8891 0.0167246
5.45962 29.8905 0.0166695
5.45954 29.8894 0.0166142
5.4589 29.8822 0.0165715
5.45876 29.8804 0.0165173
5.45685 29.8604 0.0165732
5.45577 29.8487 0.0165543
5.45642 29.8557 0.0165131
5.45707 29.8626 0.0164719
5.45634 29.8545 0.0164344
5.45651 29.8561 0.016382
5.45494 29.8395 0.0164044
5.45344 29.8235 0.0164205
5.45327 29.8215 0.0163686
5.45279 29.816 0.0163235
5.45437 29.8338 0.0163485
5.45467 29.8368 0.0162992
5.45385 29.8279 0.0162678
5.45387 29.8278 0.0162164
5.45375 29.8262 0.0161659
5.45365 29.8249 0.0161154
5.45335 29.8214 0.0160678
5.45299 29.8173 0.0160216
5.45319 29.8192 0.015973
5.452 29.8065 0.0159677
5.45073 29.7929 0.015969
5.45186 29.8053 0.0159594
5.45295 29.8174 0.0159481
5.45343 29.8224 0.0159063
5.45257 29.813 0.0158808
5.45332 29.8211 0.0158502
5.45529 29.8437 0.0159248
5.45555 29.8463 0.0158787
5.45376 29.8275 0.0159315
5.45331 29.8224 0.0158902
5.45294 29.8181 0.0158469
5.45325 29.8213 0.0158027
5.45435 29.8335 0.0157939
5.45544 29.8455 0.0157844
5.45523 29.843 0.0157391
5.45328 29.8228 0.0158125
5.45354 29.8254 0.015768
5.45324 29.8219 0.0157245
5.45279 29.8168 0.0156848
5.45341 29.8235 0.0156512
5.45269 29.8156 0.0156222
5.45189 29.8068 0.0155973
5.45313 29.8206 0.015601
5.45225 29.811 0.0155809
5.45206 29.8088 0.0155372
5.45195 29.8073 0.015493
5.45139 29.801 0.015459
5.45101 29.7967 0.0154195
5.45254 29.814 0.0154518
5.45361 29.8258 0.015445
5.45539 29.8462 0.0155044
5.45602 29.8529 0.0154735
5.45654 29.8584 0.0154386
5.45564 29.8486 0.0154217
5.45657 29.8589 0.0154068
5.45791 29.8739 0.0154221
5.45801 29.8748 0.0153795
5.45818 29.8764 0.0153378
5.45927 29.8886 0.0153346
5.45959 29.8918 0.0152955
5.45971 29.8929 0.0152539
5.45965 29.892 0.0152122
5.4602 29.8979 0.0151807
5.45851 29.8803 0.0152332
5.45916 29.8873 0.0152055
5.45891 29.8843 0.0151664
5.45863 29.881 0.0151279
5.45884 29.8831 0.0150886
5.459 29.8847 0.0150488
5.45778 29.8717 0.0150574
5.45778 29.8715 0.0150171
5.45778 29.8712 0.014977
5.45768 29.8699 0.0149375
5.45659 29.8582 0.014938
5.45741 29.8672 0.014921
5.45959 29.8927 0.0150413
5.45866 29.8826 0.0150306
5.45902 29.8863 0.0149953
5.45892 29.885 0.0149563
5.45942 29.8904 0.0149255
5.46022 29.8992 0.0149084
5.45991 29.8956 0.014873
5.46102 29.9079 0.0148758
5.46119 29.9096 0.0148383
5.46133 29.9109 0.0148007
5.46123 29.9096 0.0147629
5.46066 29.9033 0.0147361
5.46115 29.9086 0.0147068
5.46266 29.9257 0.0147463
5.46342 29.934 0.0147285
5.464 29.9403 0.0147025
5.46324 29.932 0.0146848
5.46419 29.9424 0.0146779
5.46574 29.9601 0.0147227
5.46702 29.9746 0.0147415
5.46679 29.9719 0.0147063
5.46805 29.9861 0.0147233
5.46812 29.9866 0.0146868
5.46817 29.9869 0.0146502
5.46725 29.977 0.0146424
5.46799 29.9852 0.0146251
5.46875 29.9935 0.0146086
5.47005 30.0082 0.0146303
5.47048 30.0127 0.0146006
5.46999 30.0072 0.0145732
5.4695 30.0018 0.0145457
5.46901 29.9963 0.0145184
5.46884 29.9942 0.0144841
5.46795 29.9846 0.0144761
5.46857 29.9913 0.0144541
5.46746 29.9795 0.0144614
5.46625 29.9667 0.0144772
5.46622 29.9661 0.0144424
5.46546 29.9578 0.0144276
5.4661 29.9648 0.0144072
5.46537 29.9569 0.0143911
5.46631 29.9673 0.0143875
5.46677 29.9722 0.0143607
5.46553 29.9591 0.0143802
5.46526 29.956 0.0143487
5.46469 29.9496 0.0143262
5.46413 29.9435 0.0143034
5.46425 29.9445 0.0142703
5.46424 29.9442 0.0142368
5.46318 29.9329 0.0142429
5.46393 29.9412 0.0142295
5.4642 29.9439 0.0141989
5.46454 29.9475 0.01417
5.4641 29.9426 0.0141438
5.46424 29.944 0.0141118
5.46366 29.9375 0.0140915
5.46308 29.9312 0.0140707
5.46236 29.9233 0.0140572
5.46279 29.9279 0.0140317
5.46359 29.9368 0.0140227
5.46317 29.9321 0.013997
5.46287 29.9286 0.0139684
5.46174 29.9166 0.0139829
5.46122 29.9109 0.0139607
5.4599 29.897 0.0139921
5.46096 29.9089 0.0140008
5.4603 29.9018 0.0139847
5.46137 29.9137 0.0139939
5.46088 29.9083 0.0139712
5.46176 29.9181 0.013968
5.46058 29.9056 0.0139867
5.46021 29.9014 0.0139605
5.46065 29.9061 0.0139363
5.46173 29.9182 0.0139473
5.46268 29.9288 0.0139492
5.46244 29.926 0.0139205
5.46305 29.9327 0.0139034
5.46364 29.9391 0.0138857
5.46321 29.9343 0.0138621
5.46414 29.9446 0.0138631
5.46199 29.9231 0.013998
5.46308 29.9353 0.0140095
5.46427 29.9488 0.0140303
5.46388 29.9445 0.0140053
5.46418 29.9475 0.0139782
5.4646 29.9521 0.0139544
5.46438 29.9494 0.0139263
5.46373 29.9423 0.0139113
5.46382 29.9431 0.0138818
5.46261 29.9304 0.0139045
5.46159 29.9196 0.0139123
5.46186 29.9223 0.0138853
5.46211 29.9249 0.013858
5.46229 29.9267 0.0138298
5.46208 29.9243 0.0138021
5.4619 29.9221 0.0137741
5.46105 29.9129 0.0137716
5.46066 29.9086 0.0137481
5.46145 29.9173 0.0137419
5.46053 29.9075 0.0137437
5.46022 29.904 0.0137185
5.46021 29.9036 0.0136899
5.45988 29.8999 0.0136653
5.45961 29.8969 0.0136396
5.45901 29.8902 0.0136249
5.4585 29.8846 0.0136061
5.45848 29.8843 0.0135781
5.45869 29.8864 0.0135517
5.45834 29.8824 0.0135285
5.45902 29.8899 0.0135183
5.45938 29.8937 0.0134954
5.45885 29.8879 0.0134782
5.45898 29.8891 0.0134513
5.45828 29.8815 0.013442
5.45778 29.876 0.013424
5.45784 29.8765 0.0133969
5.45741 29.8717 0.0133768
5.45638 29.8608 0.0133894
5.45692 29.8667 0.0133735
5.4572 29.8696 0.0133496
5.45848 29.8842 0.0133835
5.45842 29.8833 0.0133569
5.45837 29.8826 0.0133302
5.45792 29.8777 0.0133112
5.45773 29.8754 0.0132861
5.45753 29.8731 0.0132612
5.45809 29.8792 0.0132466
5.45829 29.8812 0.0132219
5.45808 29.8788 0.0131974
5.457 29.8674 0.0132154
5.45765 29.8746 0.0132053
5.45762 29.8741 0.0131795
5.45855 29.8844 0.0131861
5.45819 29.8804 0.0131652
5.45774 29.8754 0.0131472
5.45716 29.869 0.0131346
5.4567 29.864 0.013117
5.45621 29.8586 0.0131006
5.45635 29.86 0.013076
5.45638 29.8601 0.0130508
5.45661 29.8625 0.0130278
5.45707 29.8675 0.0130107
5.45744 29.8714 0.0129909
5.45759 29.8728 0.0129668
5.45713 29.8679 0.0129499
5.45615 29.8574 0.012963
5.45573 29.8528 0.0129449
5.45656 29.862 0.0129468
5.45735 29.8709 0.0129466
5.45722 29.8693 0.0129227
5.45696 29.8663 0.0129009
5.45714 29.8681 0.0128777
5.45772 29.8745 0.0128668
5.45753 29.8722 0.012844
5.45785 29.8756 0.012824
5.4573 29.8696 0.012812
5.4575 29.8716 0.0127896
5.4576 29.8725 0.0127661
5.45743 29.8706 0.0127433
5.45672 29.863 0.0127395
5.45574 29.8526 0.0127535
5.45562 29.8512 0.0127304
5.45517 29.8462 0.0127149
5.45613 29.857 0.0127274
5.45657 29.8618 0.0127118
5.45617 29.8573 0.0126947
5.45584 29.8536 0.0126756
5.45617 29.8571 0.0126565
5.45681 29.8641 0.0126495
5.45649 29.8605 0.0126304
5.45688 29.8647 0.0126134
5.45732 29.8695 0.0125981
5.45734 29.8695 0.0125753
5.45736 29.8696 0.0125525
5.45644 29.8599 0.0125635
5.45625 29.8577 0.0125422
5.45626 29.8576 0.0125196
5.45664 29.8617 0.0125028
5.45748 29.8711 0.0125088
5.45674 29.8632 0.0125083
5.45738 29.8702 0.0125022
5.45743 29.8706 0.0124799
5.45843 29.8819 0.0124973
5.45766 29.8736 0.0124989
5.45783 29.8754 0.0124778
5.45766 29.8734 0.0124568
5.45734 29.8698 0.0124389
5.45674 29.8633 0.0124315
5.45655 29.8611 0.012411
5.4562 29.8572 0.012394
5.4566 29.8615 0.0123784
5.45748 29.8714 0.0123882
5.45706 29.8668 0.0123736
5.45692 29.8651 0.0123527
5.45693 29.8651 0.0123312
5.4563 29.8583 0.0123257
5.4567 29.8625 0.0123106
5.45704 29.8662 0.012294
5.45649 29.8602 0.0122851
5.45723 29.8685 0.0122866
5.45805 29.8777 0.0122925
5.45792 29.8761 0.012272
5.45681 29.8645 0.0123009
5.45647 29.8607 0.0122844
5.45658 29.8619 0.0122639
5.4569 29.8652 0.0122468
5.45707 29.8669 0.0122271
5.45729 29.8692 0.0122082
5.4564 29.8598 0.0122196
5.45573 29.8526 0.0122173
5.45572 29.8523 0.0121965
5.45493 29.8439 0.0122015
5.45458 29.84 0.0121858
5.455 29.8446 0.0121725
5.4555 29.8501 0.0121624
5.45534 29.8482 0.012143
5.45597 29.8552 0.0121391
5.4552 29.8469 0.0121435
5.45482 29.8427 0.0121291
5.45473 29.8417 0.0121091
5.45452 29.8392 0.0120908
5.45425 29.8362 0.0120735
5.4547 29.841 0.0120616
5.45542 29.8491 0.012063
5.45431 29.8376 0.0120936
5.45417 29.8358 0.0120745
5.45348 29.8285 0.0120739
5.45306 29.8239 0.0120613
5.45283 29.8212 0.0120437
5.45322 29.8255 0.0120304
5.45301 29.8231 0.0120124
5.45243 29.8168 0.0120069
5.45164 29.8084 0.0120131
5.45118 29.8034 0.0120024
5.451 29.8013 0.0119841
5.4507 29.7979 0.0119684
5.45103 29.8015 0.0119536
5.45165 29.8084 0.0119505
5.45129 29.8043 0.0119367
5.45079 29.7989 0.0119279
5.45052 29.7959 0.0119116
5.4503 29.7934 0.0118944
5.45093 29.8003 0.0118916
5.45101 29.801 0.0118727
5.45033 29.7938 0.0118728
5.45027 29.7929 0.0118539
5.45015 29.7915 0.0118355
5.44989 29.7886 0.0118195
5.44994 29.7891 0.0118007
5.45034 29.7933 0.0117886
5.44897 29.7794 0.0118499
5.44941 29.7843 0.0118395
5.45029 29.7942 0.0118532
5.45072 29.7988 0.0118423
5.44985 29.7897 0.0118553
5.45022 29.7937 0.0118423
5.45022 29.7936 0.0118237
5.44992 29.7902 0.0118089
5.45001 29.791 0.0117907
5.45014 29.7924 0.011773
5.44967 29.7872 0.011764
5.44916 29.7817 0.0117567
5.44871 29.7767 0.0117472
5.44874 29.7769 0.0117289
5.44843 29.7735 0.0117146
5.44807 29.7695 0.0117022
5.44809 29.7696 0.011684
5.44918 29.7821 0.0117163
5.44945 29.7849 0.0117013
5.4499 29.7899 0.0116921
5.45014 29.7924 0.0116766
5.45043 29.7954 0.011662
5.45054 29.7965 0.0116446
5.45045 29.7954 0.0116271
5.45074 29.7985 0.0116128
5.45068 29.7977 0.0115952
5.4505 29.7956 0.0115787
5.45076 29.7983 0.0115639
5.45092 29.8 0.0115474
5.45071 29.7976 0.0115318
5.45161 29.8078 0.0115496
5.45155 29.807 0.0115322
5.45109 29.802 0.011524
5.45139 29.8052 0.0115105
5.45164 29.8078 0.0114958
5.45132 29.8043 0.0114829
5.45074 29.798 0.0114804
5.4512 29.8031 0.0114725
5.45153 29.8067 0.0114602
5.45133 29.8044 0.0114447
5.45086 29.7993 0.0114373
5.45075 29.7979 0.0114208
5.45036 29.7937 0.0114104
5.45041 29.7941 0.0113935
5.4505 29.795 0.0113769
5.45051 29.7949 0.01136
5.45085 29.7986 0.0113485
5.45058 29.7955 0.011335
5.45014 29.7908 0.0113268
5.45049 29.7945 0.0113154
5.45097 29.7998 0.0113091
5.45114 29.8016 0.0112937
5.45099 29.7998 0.0112781
5.45114 29.8013 0.0112626
5.4512 29.8018 0.0112462
5.45098 29.7993 0.011232
5.45045 29.7936 0.0112281
5.45072 29.7965 0.0112151
5.45064 29.7955 0.011199
5.45026 29.7913 0.0111894
5.44976 29.786 0.0111841
5.44947 29.7827 0.0111716
5.44932 29.7809 0.0111566
5.44918 29.7793 0.0111413
5.44871 29.7742 0.0111351
5.44879 29.775 0.0111194
5.44962 29.7844 0.0111339
5.44943 29.7822 0.0111195
5.44974 29.7855 0.0111077
5.44907 29.7785 0.0111115
5.4482 29.7693 0.0111301
5.44834 29.7708 0.0111151
5.44859 29.7734 0.0111019
5.44837 29.7709 0.0110883
5.44885 29.7762 0.0110832
5.44918 29.7797 0.0110723
5.44915 29.7793 0.0110566
5.44984 29.787 0.0110621
5.45001 29.7888 0.0110479
5.4501 29.7897 0.0110326
5.44948 29.7831 0.0110343
5.44951 29.7833 0.0110188
5.44899 29.7776 0.0110157
5.44825 29.7698 0.0110253
5.44793 29.7663 0.0110143
5.44777 29.7645 0.011
5.4467 29.7535 0.011037
5.44639 29.75 0.011026
5.44699 29.7567 0.0110271
5.44683 29.7549 0.0110129
5.4469 29.7556 0.0109978
5.4475 29.7623 0.010999
5.44731 29.7601 0.0109854
5.44742 29.7612 0.0109708
5.44695 29.7561 0.010966
5.44684 29.7548 0.0109513
5.44671 29.7532 0.010937
5.44604 29.7461 0.0109424
5.44566 29.742 0.0109339
5.44497 29.7347 0.010941
5.44488 29.7337 0.0109263
5.44456 29.7301 0.0109161
5.44523 29.7376 0.0109217
5.44505 29.7355 0.0109083
5.44494 29.7343 0.010894
5.44473 29.7319 0.0108811
5.44568 29.7428 0.0109075
5.44573 29.7432 0.0108928
5.44539 29.7395 0.0108833
5.44542 29.7397 0.0108686
5.44571 29.7428 0.0108577
5.4459 29.7447 0.0108447
5.44614 29.7473 0.0108328
5.44585 29.744 0.0108223
5.44633 29.7493 0.0108183
5.44628 29.7486 0.0108039
5.44658 29.7519 0.0107937
5.44666 29.7526 0.0107794
5.44712 29.7578 0.0107752
5.4469 29.7553 0.0107631
5.44629 29.7488 0.0107661
5.44647 29.7507 0.0107534
5.44681 29.7544 0.0107445
5.4468 29.7541 0.0107302
5.4467 29.7529 0.0107164
5.4472 29.7584 0.0107137
5.44709 29.7571 0.0107
5.44684 29.7543 0.0106888
5.44738 29.7603 0.0106882
5.4473 29.7593 0.0106744
5.44674 29.7534 0.010675
5.4459 29.7447 0.0106938
5.44546 29.7398 0.0106892
5.44596 29.7454 0.0106871
5.44555 29.741 0.0106809
5.4447 29.7322 0.0107008
5.44452 29.7301 0.0106883
5.44427 29.7273 0.0106773
5.44453 29.73 0.0106665
5.44465 29.7313 0.0106534
5.44464 29.7311 0.0106395
5.44412 29.7255 0.0106385
5.44386 29.7226 0.0106278
5.44394 29.7233 0.0106143
5.44471 29.7321 0.0106287
5.44422 29.7268 0.0106264
5.44361 29.7203 0.0106304
5.44395 29.724 0.0106221
5.44431 29.7279 0.0106146
5.44392 29.7237 0.0106082
5.44392 29.7236 0.0105946
5.44408 29.7253 0.0105823
5.44429 29.7275 0.0105708
5.4445 29.7296 0.0105593
5.44445 29.7291 0.0105459
5.44466 29.7312 0.0105344
5.44506 29.7355 0.0105284
5.44546 29.74 0.0105228
5.4453 29.7381 0.0105107
5.44524 29.7374 0.0104975
5.44511 29.7358 0.010485
5.44491 29.7336 0.0104736
5.44498 29.7342 0.0104606
5.44475 29.7317 0.0104499
5.44493 29.7336 0.0104384
5.44528 29.7373 0.0104309
5.44554 29.7402 0.0104211
5.44554 29.74 0.010408
5.44549 29.7394 0.0103951
5.44595 29.7444 0.0103921
5.44582 29.7429 0.0103798
5.44618 29.7468 0.010373
5.44619 29.7469 0.01036
5.44674 29.7529 0.0103615
5.44623 29.7475 0.0103611
5.44618 29.7469 0.0103483
5.44688 29.7548 0.0103593
5.44737 29.7602 0.0103578
5.44683 29.7544 0.010359
5.44709 29.7573 0.0103495
5.44744 29.761 0.0103424
5.4471 29.7573 0.0103351
5.44669 29.7528 0.0103307
5.4465 29.7507 0.0103197
5.44618 29.7472 0.0103119
5.44669 29.7529 0.0103117
5.44629 29.7486 0.0103066
5.44655 29.7513 0.0102972
5.44611 29.7466 0.0102938
5.44626 29.7482 0.0102824
5.44601 29.7454 0.0102729
5.4455 29.7399 0.0102732
5.44562 29.7411 0.0102614
5.44586 29.7436 0.0102516
5.44605 29.7457 0.010241
5.44575 29.7424 0.0102331
5.44595 29.7445 0.0102227
5.44579 29.7427 0.0102115
5.44602 29.7451 0.0102017
5.44556 29.7401 0.0101998
5.44559 29.7404 0.0101876
5.44556 29.74 0.0101753
5.4464 29.7496 0.0101976
5.44664 29.7521 0.0101882
5.4465 29.7506 0.0101768
5.44644 29.7498 0.0101648
5.44681 29.7538 0.0101594
5.44689 29.7546 0.0101475
5.44702 29.7559 0.0101362
5.44757 29.7621 0.0101392
5.44758 29.762 0.0101271
5.44729 29.7589 0.010119
5.44692 29.7548 0.0101139
5.44708 29.7566 0.0101032
5.44718 29.7575 0.0100916
5.44743 29.7602 0.0100828
5.44795 29.766 0.0100844
5.44795 29.7659 0.0100725
5.44802 29.7666 0.0100608
5.44784 29.7645 0.0100506
5.44797 29.7659 0.0100396
5.44829 29.7693 0.0100327
5.44798 29.7659 0.0100256
5.44839 29.7704 0.0100222
5.4476 29.7622 0.010042
5.44755 29.7616 0.0100303
5.44736 29.7595 0.0100204
5.44734 29.7592 0.0100087
5.44736 29.7593 0.00999706
5.44758 29.7617 0.00998784
5.44753 29.761 0.00997635
5.44771 29.7629 0.00996641
5.44767 29.7623 0.00995492
5.44727 29.758 0.00995153
5.44747 29.7601 0.00994206
5.44804 29.7665 0.00994706
5.44817 29.7679 0.00993644
5.44766 29.7625 0.00993802
5.44733 29.7589 0.00993206
5.4475 29.7606 0.00992204
5.44716 29.7569 0.00991667
5.44773 29.7633 0.00992169
5.44733 29.759 0.00991809
5.44738 29.7594 0.00990682
5.44764 29.7622 0.00989877
5.44751 29.7607 0.00988824
5.44797 29.7658 0.00988765
5.44858 29.7726 0.00989483
5.44877 29.7747 0.00988555
5.44826 29.7693 0.00988773
5.44875 29.7747 0.00988845
5.44836 29.7705 0.00988484
5.44793 29.7659 0.0098829
5.44814 29.7681 0.00987394
5.44793 29.7658 0.00986492
5.44807 29.7672 0.0098547
5.44812 29.7677 0.00984369
5.44817 29.7681 0.0098327
5.44886 29.7759 0.00984565
5.44882 29.7754 0.00983463
5.44861 29.7731 0.00982586
5.44866 29.7735 0.00981496
5.44904 29.7777 0.00981135
5.4486 29.773 0.00981032
5.44809 29.7676 0.00981235
5.44804 29.767 0.0098015
5.44819 29.7684 0.00979157
5.4479 29.7653 0.00978484
5.44773 29.7633 0.00977547
5.44793 29.7655 0.00976665
5.44736 29.7595 0.00977217
5.44726 29.7583 0.00976186
5.4468 29.7534 0.0097617
5.44656 29.7508 0.00975372
5.44705 29.7562 0.00975492
5.4461 29.7466 0.00979002
5.44647 29.7506 0.00978607
5.44604 29.746 0.00978445
5.44558 29.7411 0.00978468
5.44515 29.7364 0.00978348
5.44479 29.7326 0.00977905
5.44509 29.7358 0.0097727
5.44481 29.7327 0.00976595
5.44495 29.7342 0.00975629
5.445 29.7346 0.0097457
5.44478 29.7322 0.00973758
5.44511 29.7358 0.00973264
5.44499 29.7344 0.0097228
5.4454 29.7389 0.00972094
5.44549 29.7398 0.00971077
5.44568 29.7419 0.00970215
5.4454 29.7387 0.00969582
5.44509 29.7354 0.0096901
5.44554 29.7404 0.00968991
5.44554 29.7403 0.00967941
5.44595 29.7448 0.00967747
5.44627 29.7483 0.0096724
5.44641 29.7498 0.00966294
5.44675 29.7535 0.00965857
5.44688 29.7549 0.00964906
5.44689 29.7548 0.00963867
5.44736 29.7601 0.00963997
5.44714 29.7576 0.00963221
5.44673 29.7532 0.00963047
5.44662 29.7519 0.00962082
5.44661 29.7517 0.00961052
5.4464 29.7494 0.00960248
5.44671 29.7527 0.00959702
5.44667 29.7522 0.00958685
5.44752 29.7621 0.00961453
5.44747 29.7615 0.00960441
5.44675 29.754 0.00962146
5.44733 29.7605 0.00962869
5.44749 29.7623 0.00961994
5.44755 29.7628 0.00960991
5.44776 29.765 0.00960194
5.4478 29.7654 0.00959187
5.44797 29.7672 0.0095832
5.44815 29.7691 0.00957481
5.4483 29.7707 0.0095659
5.44849 29.7727 0.00955766
5.44899 29.7782 0.00956038
5.44858 29.7739 0.00955884
5.44869 29.775 0.00954941
5.4489 29.7772 0.00954174
5.44887 29.7768 0.0095318
5.44848 29.7726 0.00952962
5.44862 29.774 0.00952057
5.44832 29.7708 0.00951515
5.4487 29.7749 0.00951261
5.44843 29.772 0.00950642
5.44884 29.7765 0.00950537
5.44902 29.7784 0.00949705
5.44918 29.78 0.00948854
5.44929 29.7812 0.00947932
5.4488 29.776 0.00948189
5.44881 29.776 0.00947206
5.44856 29.7733 0.00946548
5.44854 29.7729 0.00945572
5.44857 29.7732 0.009446
5.44907 29.7788 0.00944976
5.44911 29.7791 0.00944008
5.44884 29.7762 0.00943407
5.44846 29.7721 0.00943224
5.44881 29.776 0.0094293
5.44843 29.7719 0.00942727
5.44837 29.7711 0.00941781
5.44771 29.7642 0.0094316
5.44783 29.7655 0.00942273
5.44834 29.7712 0.00942687
5.44849 29.7728 0.00941841
5.44858 29.7736 0.00940921
5.44906 29.7791 0.0094122
5.4491 29.7794 0.00940267
5.44858 29.7739 0.00940723
5.44893 29.7777 0.00940402
5.44893 29.7777 0.00939447
5.4492 29.7806 0.00938863
5.44954 29.7844 0.00938548
5.44975 29.7866 0.00937824
5.44962 29.7851 0.00936959
5.44956 29.7844 0.00936034
5.45025 29.7923 0.00937629
5.45067 29.7969 0.00937607
5.45079 29.7982 0.00936746
5.45079 29.798 0.00935803
5.45068 29.7968 0.00934926
5.45085 29.7986 0.0093415
5.45082 29.7982 0.00933218
5.45097 29.7998 0.0093241
5.45091 29.799 0.00931499
5.45104 29.8004 0.00930668
