0.334336 33.0061
0.335342 36.3728
0.336351 35.791
0.337364 31.9914
0.338379 36.429
0.339397 38.5107
0.340418 36.5865
0.341442 35.0249
0.34247 36.1731
0.3435 40.5251
0.344534 38.4313
0.345571 32.3605
0.34661 35.164
0.347653 35.3646
0.3487 39.4685
0.349749 44.6696
0.350801 36.1155
0.351857 30.1445
0.352916 35.9185
0.353977 33.2061
0.355043 38.1952
0.356111 35.7483
0.357182 36.3771
0.358257 35.1561
0.359335 33.1016
0.360416 34.4077
0.361501 39.3656
0.362589 35.9813
0.36368 40.8184
0.364774 33.2249
0.365872 28.7457
0.366973 34.3496
0.368077 35.3945
0.369184 32.4472
0.370295 38.6735
0.37141 36.9315
0.372527 31.9112
0.373648 32.0154
0.374772 32.5066
0.3759 39.3642
0.377031 35.1557
0.378166 31.2222
0.379304 35.5479
0.380445 30.4016
0.38159 28.0953
0.382738 34.6141
0.38389 28.6014
0.385045 38.3625
0.386203 28.1531
0.387365 29.6661
0.388531 32.4035
0.3897 35.7044
0.390873 30.0946
0.392049 24.488
0.393229 35.0494
0.394412 29.2433
0.395599 37.1673
0.396789 36.6232
0.397983 30.7271
0.39918 38.4484
0.400382 37.6326
0.401586 37.6398
0.402795 31.26
0.404007 33.1149
0.405222 31.8755
0.406442 32.8377
0.407665 38.5349
0.408891 38.7906
0.410122 35.697
0.411356 34.6191
0.412594 32.7156
0.413835 34.6352
0.41508 37.3549
0.416329 35.6234
0.417582 36.065
0.418839 33.6927
0.420099 42.146
0.421363 33.9467
0.422631 33.9393
0.423903 42.1583
0.425178 34.7559
0.426458 31.9333
0.427741 33.5278
0.429028 29.9916
0.430319 30.8254
0.431614 35.6918
0.432912 37.2899
0.434215 35.648
0.435522 35.1953
0.436832 32.0256
0.438146 35.2811
0.439465 36.6366
0.440787 33.2871
0.442114 38.0844
0.443444 35.5639
0.444778 38.0659
0.446117 34.758
0.447459 33.1154
0.448805 27.938
0.450156 41.4472
0.45151 32.4098
0.452869 44.0447
0.454232 29.4127
0.455598 32.5964
0.456969 28.7397
0.458344 34.1635
0.459724 40.5043
0.461107 34.1568
0.462494 36.5014
0.463886 34.7147
0.465282 34.8995
0.466682 40.7533
0.468086 34.8503
0.469495 34.8203
0.470907 31.8483
0.472324 38.0755
0.473746 38.4089
0.475171 36.1059
0.476601 32.5908
0.478035 34.1447
0.479473 36.6904
0.480916 35.128
0.482363 32.8297
0.483815 34.8801
0.485271 32.5356
0.486731 33.9457
0.488195 37.9441
0.489664 32.0911
0.491138 41.325
0.492616 31.9283
0.494098 35.5189
0.495585 36.1992
0.497076 31.0782
0.498572 32.1771
0.500072 36.8142
0.501577 32.385
0.503086 28.8103
0.5046 28.9392
0.506118 32.034
0.507641 27.0449
0.509168 29.4429
0.5107 29.435
0.512237 29.4773
0.513779 32.7506
0.515324 36.5285
0.516875 35.6268
0.51843 31.4268
0.51999 31.4656
0.521555 29.7284
0.523124 28.8078
0.524699 25.1472
0.526277 30.53
0.527861 29.4109
0.529449 26.0008
0.531042 28.5319
0.53264 25.0874
0.534243 34.5843
0.535851 25.0172
0.537463 29.5763
0.53908 28.8209
0.540702 26.6354
0.542329 27.3174
0.543961 23.4512
0.545598 28.5604
0.54724 35.7516
0.548886 34.0807
0.550538 32.6062
0.552195 23.2733
0.553856 27.5801
0.555523 26.9627
0.557194 29.7933
0.558871 24.4385
0.560553 26.4854
0.562239 34.8282
0.563931 27.9726
0.565628 29.2105
0.56733 30.3787
0.569037 34.5705
0.570749 25.4036
0.572467 29.7346
0.574189 30.6616
0.575917 23.165
0.57765 29.7737
0.579388 33.4464
0.581132 30.3347
0.58288 27.0194
0.584634 28.083
0.586393 25.9199
0.588158 27.7909
0.589928 27.2495
0.591703 27.9122
0.593483 33.6487
0.595269 25.9496
0.59706 23.1682
0.598857 30.5959
0.600659 30.6884
0.602466 30.2212
0.604279 25.4612
0.606097 32.9194
0.607921 32.6586
0.60975 25.5022
0.611585 25.8495
0.613425 26.9033
0.615271 28.8219
0.617122 28.366
0.618979 25.869
0.620842 29.5006
0.62271 28.293
0.624584 33.2498
0.626463 22.5875
0.628348 38.8186
0.630239 27.9677
0.632135 31.2332
0.634037 28.8175
0.635945 26.2489
0.637859 28.0076
0.639778 35.0266
0.641703 29.1132
0.643634 29.3031
0.645571 23.0346
0.647513 24.8706
0.649462 25.6678
0.651416 35.5263
0.653376 33.9404
0.655342 31.0397
0.657314 28.427
0.659292 29.8083
0.661276 23.6925
0.663266 33.3651
0.665261 33.4128
0.667263 29.0338
0.669271 22.3036
0.671285 23.6128
0.673305 29.7389
0.675331 32.8692
0.677363 27.7217
0.679401 30.0033
0.681445 27.8649
0.683496 27.467
0.685553 30.0615
0.687615 28.9444
0.689684 30.7574
0.69176 30.5514
0.693841 29.3666
0.695929 21.3998
0.698023 29.986
0.700123 31.8483
0.70223 28.7849
0.704343 21.7064
0.706463 29.5434
0.708588 31.6386
0.710721 25.8427
0.712859 34.5118
0.715004 29.0152
0.717156 28.8921
0.719314 30.229
0.721478 28.4934
0.723649 31.1568
0.725826 36.3299
0.72801 27.5317
0.730201 27.1282
0.732398 29.9443
0.734602 31.3736
0.736812 31.1341
0.73903 32.671
0.741253 34.3408
0.743484 29.5049
0.745721 25.431
0.747965 25.0157
0.750215 30.0751
0.752473 30.5702
0.754737 33.9979
0.757008 27.3242
0.759286 30.0928
0.761571 31.0606
0.763862 30.7373
0.766161 27.6278
0.768466 25.1752
0.770778 28.9552
0.773098 31.6275
0.775424 24.6772
0.777757 25.5949
0.780098 29.366
0.782445 30.0817
0.784799 31.5099
0.787161 32.1373
0.789529 28.2199
0.791905 30.5607
0.794288 25.7957
0.796678 35.6951
0.799075 27.7242
0.80148 32.3215
0.803891 31.7117
0.80631 26.998
0.808736 28.1447
0.81117 28.977
0.813611 28.5797
0.816059 27.3373
0.818515 27.6029
0.820977 26.1072
0.823448 31.562
0.825926 29.5162
0.828411 31.4512
0.830904 29.3149
0.833404 32.4738
0.835912 23.6358
0.838427 28.7409
0.84095 29.4568
0.84348 24.9281
0.846018 30.5073
0.848564 26.6379
0.851117 30.6672
0.853678 34.749
0.856247 26.6015
0.858823 24.4649
0.861408 28.3271
0.864 23.8348
0.866599 23.9232
0.869207 28.3365
0.871823 21.3426
0.874446 23.805
0.877077 19.8389
0.879716 28.1144
0.882363 24.9751
0.885018 28.1305
0.887681 26.5338
0.890352 26.3951
0.893032 25.6863
0.895719 34.9878
0.898414 25.0803
0.901117 23.4987
0.903829 28.6735
0.906548 27.7423
0.909276 32.5047
0.912012 29.538
0.914757 29.1884
0.917509 30.6842
0.92027 33.336
0.923039 30.2588
0.925817 32.6079
0.928602 31.7498
0.931397 33.6364
0.934199 23.6598
0.93701 28.2481
0.93983 34.3584
0.942658 31.9809
0.945494 35.238
0.948339 33.0343
0.951193 36.5616
0.954055 29.8252
0.956926 22.9969
0.959805 27.3155
0.962693 31.042
0.96559 28.369
0.968495 27.6715
0.97141 28.9962
0.974333 29.5394
0.977264 27.6844
0.980205 30.3224
0.983154 26.5794
0.986113 32.2815
0.98908 32.7747
0.992056 24.9374
0.995041 28.0329
0.998035 29.5481
1.00104 32.8681
1.00405 21.4553
1.00707 18.6703
1.0101 17.7943
1.01314 14.9287
1.01619 13.4119
1.01925 13.1108
1.02231 13.1108
1.02539 12.5495
1.02848 12.4747
1.03157 12.0512
1.03468 12.0022
1.03779 10.9861
1.04091 10.9301
1.04404 10.9301
1.04719 10.9301
1.05034 10.9301
1.0535 10.9301
1.05667 10.6917
1.05985 10.6829
1.06304 10.6829
1.06623 10.6829
1.06944 10.6753
1.07266 10.6753
1.07589 10.2061
1.07913 10.1022
1.08237 10.1022
1.08563 10.1022
1.0889 10.1022
1.09217 10.0921
1.09546 9.71782
1.09876 9.71782
1.10206 9.71782
1.10538 9.71782
1.1087 9.71782
1.11204 9.71782
1.11539 9.71782
1.11874 9.70493
1.12211 9.70493
1.12548 9.70493
1.12887 9.70493
1.13227 9.70493
1.13568 9.70493
1.13909 9.70493
1.14252 9.70493
1.14596 9.70493
1.14941 9.70493
1.15286 9.70493
1.15633 9.70493
1.15981 9.70493
1.1633 9.70493
1.1668 9.70493
1.17031 9.70493
1.17384 9.70493
1.17737 9.70493
1.18091 9.70493
1.18446 9.70493
1.18803 9.70493
1.1916 9.70493
1.19519 9.70493
1.19879 9.70493
1.20239 9.70493
1.20601 9.70493
1.20964 9.70493
1.21328 9.70493
1.21693 9.70493
1.22059 9.70493
1.22426 9.70493
1.22795 9.70493
1.23164 9.70493
1.23535 9.70493
1.23907 9.70493
1.24279 9.70493
1.24653 9.13249
1.25029 9.13249
1.25405 8.96118
1.25782 8.82701
1.26161 8.82701
1.2654 8.82701
1.26921 8.81672
1.27303 8.4466
1.27686 8.4466
1.2807 8.4466
1.28455 8.4466
1.28842 8.4466
1.2923 8.4466
1.29619 8.4466
1.30009 8.4466
1.304 8.4466
1.30792 8.4466
1.31186 8.4466
1.3158 8.4466
1.31976 8.4466
1.32374 8.4466
1.32772 8.4466
1.33171 8.4466
1.33572 8.4466
1.33974 8.4466
1.34377 8.4466
1.34781 8.4466
1.35187 8.4466
1.35594 7.807
1.36002 7.807
1.36411 7.807
1.36821 7.807
1.37233 7.807
1.37646 7.807
1.3806 7.54204
1.38476 7.54204
1.38892 7.54204
1.3931 7.54204
1.3973 7.54204
1.4015 7.54204
1.40572 7.54204
1.40995 7.54204
1.41419 6.51121
1.41844 6.51121
1.42271 6.51121
1.42699 6.51121
1.43129 6.51121
1.43559 6.51121
1.43991 6.51121
1.44425 6.51121
1.44859 6.51121
1.45295 6.51121
1.45732 6.44261
1.46171 6.44261
1.46611 6.44261
1.47052 6.44261
1.47494 6.44261
1.47938 6.44261
1.48383 6.44261
1.4883 6.44261
1.49278 6.44261
1.49727 6.44261
1.50177 6.44261
1.50629 6.44261
1.51082 6.44261
1.51537 6.44261
1.51993 6.44261
1.5245 6.44261
1.52909 6.44261
1.53369 6.44261
1.53831 6.44261
1.54294 6.44261
1.54758 6.44261
1.55224 6.44261
1.55691 6.2403
1.56159 6.2403
1.56629 6.2403
1.571 6.2403
1.57573 6.2403
1.58047 6.2403
1.58523 6.2403
1.59 6.2403
1.59478 6.2403
1.59958 6.2403
1.60439 6.2403
1.60922 6.2403
1.61406 6.2403
1.61892 6.2403
1.62379 6.2403
1.62868 6.2403
1.63358 6.2403
1.63849 6.2403
1.64342 6.2403
1.64837 6.2403
1.65333 6.2403
1.6583 6.2403
1.66329 6.2403
1.6683 6.2403
1.67332 6.2403
1.67835 6.2403
1.6834 6.2403
1.68847 6.2403
1.69355 6.2403
1.69865 6.2403
1.70376 6.2403
1.70888 6.2403
1.71403 6.2403
1.71918 6.2403
1.72436 6.2403
1.72955 6.2403
1.73475 6.2403
1.73997 6.2403
1.74521 6.2403
1.75046 6.2403
1.75572 6.2403
1.76101 6.2403
1.76631 6.2403
1.77162 6.2403
1.77695 6.2403
1.7823 6.2403
1.78766 6.2403
1.79304 6.2403
1.79844 6.2403
1.80385 6.2403
1.80928 6.2403
1.81472 6.2403
1.82018 6.2403
1.82566 6.2403
1.83115 6.2403
1.83666 6.2403
1.84219 6.2403
1.84773 6.2403
1.85329 6.2403
1.85887 6.2403
1.86446 6.2403
1.87007 6.2403
1.8757 6.2403
1.88134 6.2403
1.887 6.2403
1.89268 6.2403
1.89838 6.2403
1.90409 6.2403
1.90982 6.2403
1.91556 6.2403
1.92133 6.2403
1.92711 6.2403
1.93291 6.2403
1.93872 6.2403
1.94456 6.2403
1.95041 6.2403
1.95628 6.2403
1.96216 6.2403
1.96807 6.2403
1.97399 6.2403
1.97993 6.2403
1.98589 6.2403
1.99186 6.2403
1.99786 6.2403
2.00387 6.2403
2.0099 6.2403
2.01595 6.2403
2.02201 6.2403
2.0281 6.2403
2.0342 6.2403
2.04032 6.2403
2.04646 6.2403
2.05262 6.2403
2.05879 6.2403
2.06499 6.2403
2.0712 6.2403
2.07743 6.2403
2.08369 6.2403
2.08996 6.2403
2.09624 6.2403
2.10255 6.2403
2.10888 6.2403
2.11522 6.2403
2.12159 6.2403
2.12797 6.2403
2.13438 6.2403
2.1408 6.2403
2.14724 6.2403
2.1537 6.2403
2.16018 6.2403
2.16668 6.2403
2.1732 6.2403
2.17974 6.2403
2.1863 6.2403
2.19288 6.2403
2.19948 6.2403
2.20609 6.2403
2.21273 6.2403
2.21939 6.2403
2.22607 6.2403
2.23277 6.2403
2.23949 6.2403
2.24622 6.2403
2.25298 6.2403
2.25976 6.2403
2.26656 6.2403
2.27338 6.2403
2.28022 6.2403
2.28708 6.2403
2.29397 6.2403
2.30087 6.2403
2.30779 6.2403
2.31474 6.2403
2.3217 6.2403
2.32869 6.2403
2.3357 6.2403
2.34272 6.2403
2.34977 6.2403
2.35684 6.2403
2.36393 6.2403
2.37105 6.2403
2.37818 6.2403
2.38534 6.2403
2.39252 6.2403
2.39972 6.2403
2.40694 6.2403
2.41418 6.2403
2.42144 6.2403
2.42873 6.2403
2.43604 6.2403
2.44337 6.2403
2.45072 6.2403
2.45809 6.2403
2.46549 6.2403
2.47291 6.2403
2.48035 6.2403
2.48781 6.2403
2.4953 6.2403
2.50281 6.2403
2.51034 6.2403
2.51789 6.2403
2.52547 6.2403
2.53307 6.2403
2.54069 6.2403
2.54834 6.2403
2.556 6.2403
2.56369 6.2403
2.57141 6.2403
2.57915 6.2403
2.58691 6.2403
2.59469 6.2403
2.6025 6.2403
2.61033 6.2403
2.61818 6.2403
2.62606 6.2403
2.63396 6.2403
2.64189 6.2403
2.64984 6.2403
2.65781 6.2403
2.66581 6.2403
2.67383 6.2403
2.68188 6.2403
2.68995 6.2403
2.69804 6.2403
2.70616 6.2403
2.7143 6.2403
2.72247 6.2403
2.73066 6.2403
2.73888 6.2403
2.74712 6.2403
2.75539 6.2403
2.76368 6.2403
2.77199 6.2403
2.78033 6.2403
2.7887 6.2403
2.79709 6.2403
2.80551 6.2403
2.81395 6.2403
2.82242 6.2403
2.83091 6.2403
2.83943 6.2403
2.84797 6.2403
2.85654 6.2403
2.86514 6.2403
2.87376 6.2403
2.88241 6.2403
2.89108 6.2403
2.89978 6.2403
2.9085 6.2403
2.91726 6.2403
2.92603 6.2403
2.93484 6.2403
2.94367 6.2403
2.95253 6.2403
2.96141 6.2403
2.97032 6.2403
2.97926 6.2403
2.98822 6.2403
2.99722 6.2403
3.00623 6.2403
3.01528 6.2403
3.02435 6.2403
3.03345 6.2403
3.04258 6.2403
3.05174 6.2403
3.06092 6.2403
3.07013 6.2403
3.07937 6.2403
3.08863 6.2403
3.09793 6.2403
3.10725 6.2403
3.1166 6.2403
3.12598 6.2403
3.13538 6.2403
3.14482 6.2403
3.15428 6.2403
3.16377 6.2403
3.17329 6.2403
3.18284 6.2403
3.19242 6.2403
3.20202 6.2403
3.21166 6.2403
3.22132 6.2403
3.23102 6.2403
3.24074 6.2403
3.25049 6.2403
3.26027 6.2403
3.27008 6.2403
3.27992 6.2403
3.28979 6.2403
3.29969 6.2403
3.30962 6.2403
3.31958 6.2403
3.32956 6.2403
3.33958 6.2403
