0.334336 16.65
0.335342 17.8174
0.336351 17.6768
0.337364 18.514
0.338379 16.5936
0.339397 16.3357
0.340418 14.5825
0.341442 19.0083
0.34247 17.648
0.3435 16.288
0.344534 15.1244
0.345571 15.1313
0.34661 12.8646
0.347653 16.4103
0.3487 16.9882
0.349749 15.5764
0.350801 17.0991
0.351857 15.9385
0.352916 14.4681
0.353977 16.5793
0.355043 16.6673
0.356111 18.7954
0.357182 17.1146
0.358257 16.5004
0.359335 17.3364
0.360416 15.4578
0.361501 17.1801
0.362589 15.073
0.36368 15.3324
0.364774 14.2337
0.365872 16.0252
0.366973 14.6559
0.368077 17.8727
0.369184 16.2248
0.370295 16.5841
0.37141 19.2735
0.372527 16.3042
0.373648 17.1135
0.374772 16.379
0.3759 14.3748
0.377031 15.6144
0.378166 17.7416
0.379304 16.8363
0.380445 15.8394
0.38159 16.9293
0.382738 16.8711
0.38389 15.7525
0.385045 17.2747
0.386203 16.4462
0.387365 18.6942
0.388531 15.8763
0.3897 17.7086
0.390873 18.6259
0.392049 16.4581
0.393229 15.4019
0.394412 15.8597
0.395599 17.5021
0.396789 18.0675
0.397983 16.7901
0.39918 16.8863
0.400382 17.3896
0.401586 15.258
0.402795 17.3948
0.404007 17.1764
0.405222 15.1151
0.406442 15.1074
0.407665 16.0398
0.408891 16.2882
0.410122 16.6632
0.411356 15.4547
0.412594 18.2136
0.413835 19.3298
0.41508 14.3021
0.416329 14.3496
0.417582 15.2049
0.418839 18.3303
0.420099 16.761
0.421363 15.528
0.422631 18.4081
0.423903 16.4862
0.425178 18.6232
0.426458 18.3406
0.427741 17.1802
0.429028 18.8337
0.430319 15.3909
0.431614 15.4348
0.432912 15.3052
0.434215 17.2836
0.435522 15.7438
0.436832 15.2857
0.438146 15.2463
0.439465 16.3295
0.440787 14.3806
0.442114 17.3564
0.443444 18.9117
0.444778 17.429
0.446117 17.7012
0.447459 17.107
0.448805 16.5857
0.450156 17.7399
0.45151 14.5839
0.452869 15.2302
0.454232 15.8189
0.455598 15.1178
0.456969 16.6673
0.458344 17.0754
0.459724 17.1975
0.461107 16.7196
0.462494 16.3556
0.463886 16.473
0.465282 16.7483
0.466682 18.1204
0.468086 16.4808
0.469495 17.9221
0.470907 15.2735
0.472324 16.3066
0.473746 18.517
0.475171 18.551
0.476601 17.3239
0.478035 16.5182
0.479473 16.4593
0.480916 16.7938
0.482363 16.4371
0.483815 17.3511
0.485271 15.2325
0.486731 16.1509
0.488195 17.5146
0.489664 14.5408
0.491138 16.4764
0.492616 15.8057
0.494098 17.2079
0.495585 18.5917
0.497076 19.8011
0.498572 16.4556
0.500072 16.8267
0.501577 16.9756
0.503086 15.702
0.5046 17.171
0.506118 15.2012
0.507641 14.3578
0.509168 14.7551
0.5107 13.3409
0.512237 19.7568
0.513779 14.9631
0.515324 17.2556
0.516875 17.0313
0.51843 14.6735
0.51999 15.4237
0.521555 14.7986
0.523124 16.8472
0.524699 16.3025
0.526277 15.1959
0.527861 13.2244
0.529449 16.874
0.531042 13.839
0.53264 15.1079
0.534243 17.2876
0.535851 14.7095
0.537463 13.2237
0.53908 18.3749
0.540702 16.446
0.542329 14.6094
0.543961 15.2652
0.545598 15.0768
0.54724 16.4427
0.548886 16.8775
0.550538 15.4513
0.552195 13.5824
0.553856 15.4336
0.555523 16.3479
0.557194 17.4505
0.558871 15.2883
0.560553 14.4492
0.562239 16.0215
0.563931 17.2527
0.565628 15.7128
0.56733 15.4277
0.569037 14.7822
0.570749 14.681
0.572467 14.9343
0.574189 18.563
0.575917 16.1551
0.57765 15.5026
0.579388 16.6534
0.581132 16.3097
0.58288 15.1909
0.584634 16.1925
0.586393 14.2522
0.588158 15.5981
0.589928 14.7487
0.591703 15.4172
0.593483 17.2417
0.595269 13.3576
0.59706 15.9574
0.598857 14.8749
0.600659 14.6399
0.602466 17.1392
0.604279 16.2669
0.606097 17.7032
0.607921 17.1115
0.60975 17.0345
0.611585 16.0617
0.613425 17.193
0.615271 15.613
0.617122 13.6466
0.618979 18.8474
0.620842 16.5441
0.62271 15.1304
0.624584 16.452
0.626463 15.248
0.628348 15.3521
0.630239 15.4831
0.632135 16.9618
0.634037 15.7675
0.635945 16.2345
0.637859 15.1932
0.639778 16.9628
0.641703 16.6678
0.643634 16.4483
0.645571 15.1988
0.647513 15.4836
0.649462 14.6661
0.651416 14.2781
0.653376 13.9391
0.655342 15.3505
0.657314 17.2297
0.659292 17.5684
0.661276 15.8318
0.663266 15.7155
0.665261 14.6587
0.667263 13.4132
0.669271 14.8362
0.671285 14.7798
0.673305 15.9384
0.675331 14.8298
0.677363 16.0683
0.679401 16.2698
0.681445 15.6097
0.683496 17.919
0.685553 16.2687
0.687615 16.9937
0.689684 15.6265
0.69176 16.5872
0.693841 14.5866
0.695929 12.7855
0.698023 15.2615
0.700123 15.2187
0.70223 15.2244
0.704343 15.8415
0.706463 15.1743
0.708588 17.7785
0.710721 15.9159
0.712859 14.2307
0.715004 15.0902
0.717156 16.3293
0.719314 14.944
0.721478 17.8968
0.723649 13.3524
0.725826 15.2732
0.72801 15.4053
0.730201 14.6021
0.732398 17.8276
0.734602 15.9943
0.736812 15.2086
0.73903 17.2078
0.741253 15.608
0.743484 15.7101
0.745721 14.2763
0.747965 13.9726
0.750215 16.8538
0.752473 15.1591
0.754737 15.8202
0.757008 15.4326
0.759286 18.642
0.761571 17.3611
0.763862 15.5964
0.766161 16.8072
0.768466 14.4243
0.770778 16.7953
0.773098 16.8628
0.775424 15.8986
0.777757 17.7115
0.780098 16.0986
0.782445 17.3155
0.784799 14.8887
0.787161 16.2545
0.789529 14.6784
0.791905 14.3285
0.794288 14.6805
0.796678 17.1265
0.799075 13.7495
0.80148 15.0313
0.803891 17.0526
0.80631 15.891
0.808736 15.0443
0.81117 16.5712
0.813611 16.7592
0.816059 17.5397
0.818515 16.4742
0.820977 15.4631
0.823448 16.5144
0.825926 15.6603
0.828411 16.8615
0.830904 15.8949
0.833404 16.4501
0.835912 16.7453
0.838427 16.4605
0.84095 14.2534
0.84348 16.7179
0.846018 14.6562
0.848564 15.5721
0.851117 17.4553
0.853678 15.8478
0.856247 17.0813
0.858823 16.3903
0.861408 15.1253
0.864 14.7003
0.866599 13.7795
0.869207 15.9405
0.871823 15.2239
0.874446 16.5131
0.877077 16.5208
0.879716 16.7208
0.882363 14.7753
0.885018 15.5542
0.887681 17.9806
0.890352 14.7751
0.893032 18.394
0.895719 15.9103
0.898414 13.1225
0.901117 16.3062
0.903829 16.8396
0.906548 16.2717
0.909276 14.5507
0.912012 18.0888
0.914757 16.2663
0.917509 15.2616
0.92027 14.5947
0.923039 16.7541
0.925817 17.4645
0.928602 14.899
0.931397 16.1142
0.934199 17.7076
0.93701 16.7883
0.93983 14.3258
0.942658 16.7364
0.945494 16.0081
0.948339 16.8803
0.951193 15.7789
0.954055 13.4247
0.956926 16.4011
0.959805 15.0326
0.962693 14.7369
0.96559 17.6515
0.968495 15.8292
0.97141 14.535
0.974333 14.2367
0.977264 14.7092
0.980205 16.1021
0.983154 16.4105
0.986113 16.261
0.98908 17.0729
0.992056 18.2639
0.995041 15.6768
0.998035 17.263
1.00104 14.5588
1.00405 10.3066
1.00707 9.14543
1.0101 8.8789
1.01314 7.59717
1.01619 7.59342
1.01925 7.02616
1.02231 6.97104
1.02539 6.94263
1.02848 6.73244
1.03157 6.31032
1.03468 6.31032
1.03779 6.31032
1.04091 6.31032
1.04404 6.31032
1.04719 6.23792
1.05034 6.23475
1.0535 6.23475
1.05667 6.23475
1.05985 6.14698
1.06304 6.14698
1.06623 5.96857
1.06944 5.74628
1.07266 5.74628
1.07589 5.74628
1.07913 5.74628
1.08237 5.74628
1.08563 5.74628
1.0889 5.74628
1.09217 5.71645
1.09546 5.71645
1.09876 5.71645
1.10206 5.71645
1.10538 5.71645
1.1087 5.6219
1.11204 5.6219
1.11539 5.6219
1.11874 5.61707
1.12211 5.61707
1.12548 5.52965
1.12887 5.52965
1.13227 5.52965
1.13568 5.52965
1.13909 5.52965
1.14252 5.52965
1.14596 5.3808
1.14941 5.3808
1.15286 5.3808
1.15633 5.30506
1.15981 5.30506
1.1633 5.29946
1.1668 5.29946
1.17031 5.29672
1.17384 5.29672
1.17737 5.29672
1.18091 5.29672
1.18446 5.29672
1.18803 5.29672
1.1916 5.29672
1.19519 5.29672
1.19879 5.29672
1.20239 5.29672
1.20601 5.29672
1.20964 5.29672
1.21328 5.29672
1.21693 5.29672
1.22059 5.29672
1.22426 5.29672
1.22795 5.29672
1.23164 5.29672
1.23535 5.29672
1.23907 5.29672
1.24279 5.29672
1.24653 5.29672
1.25029 5.29672
1.25405 5.29672
1.25782 5.29672
1.26161 5.29672
1.2654 5.29672
1.26921 4.96189
1.27303 4.95481
1.27686 4.95481
1.2807 4.95481
1.28455 4.90272
1.28842 4.88783
1.2923 4.88783
1.29619 4.83215
1.30009 4.75283
1.304 4.75283
1.30792 4.75283
1.31186 4.75283
1.3158 4.75283
1.31976 4.75283
1.32374 4.75283
1.32772 4.75283
1.33171 4.75283
1.33572 4.75283
1.33974 4.75283
1.34377 4.75283
1.34781 4.75283
1.35187 4.75283
1.35594 4.75283
1.36002 4.75283
1.36411 4.75283
1.36821 4.75283
1.37233 4.75283
1.37646 4.75283
1.3806 4.72957
1.38476 4.72957
1.38892 4.72957
1.3931 4.72957
1.3973 4.72957
1.4015 4.72957
1.40572 4.72957
1.40995 4.72957
1.41419 4.72957
1.41844 4.72957
1.42271 4.72957
1.42699 4.72957
1.43129 4.72957
1.43559 4.72957
1.43991 4.72957
1.44425 4.72957
1.44859 4.72957
1.45295 4.72957
1.45732 4.72957
1.46171 4.72957
1.46611 4.72957
1.47052 4.72957
1.47494 4.72957
1.47938 4.72957
1.48383 4.72957
1.4883 4.72957
1.49278 4.72957
1.49727 4.72957
1.50177 4.72957
1.50629 4.72957
1.51082 4.72957
1.51537 4.72957
1.51993 4.72957
1.5245 4.72957
1.52909 4.72957
1.53369 4.72957
1.53831 4.72957
1.54294 4.72957
1.54758 4.72957
1.55224 4.72957
1.55691 4.72957
1.56159 4.72957
1.56629 4.72957
1.571 4.72957
1.57573 4.72957
1.58047 4.72957
1.58523 4.72957
1.59 4.72957
1.59478 4.72957
1.59958 4.72957
1.60439 4.72957
1.60922 4.72957
1.61406 4.72957
1.61892 4.72957
1.62379 4.72957
1.62868 4.72957
1.63358 4.72957
1.63849 4.72957
1.64342 4.72957
1.64837 4.72957
1.65333 4.72957
1.6583 4.72957
1.66329 4.72957
1.6683 4.72957
1.67332 4.72957
1.67835 4.72957
1.6834 4.72957
1.68847 4.72957
1.69355 4.72957
1.69865 4.72957
1.70376 4.72957
1.70888 4.72957
1.71403 4.72957
1.71918 4.72957
1.72436 4.72957
1.72955 4.72957
1.73475 4.72957
1.73997 4.72957
1.74521 4.72957
1.75046 4.72957
1.75572 4.72957
1.76101 4.72957
1.76631 4.72957
1.77162 4.72957
1.77695 4.72957
1.7823 4.72957
1.78766 4.72957
1.79304 4.72957
1.79844 4.72957
1.80385 4.72957
1.80928 4.72957
1.81472 4.72957
1.82018 4.72957
1.82566 4.72957
1.83115 4.72957
1.83666 4.72957
1.84219 4.72957
1.84773 4.72957
1.85329 4.72957
1.85887 4.72957
1.86446 4.72957
1.87007 4.72957
1.8757 4.72957
1.88134 4.72957
1.887 4.72957
1.89268 4.72957
1.89838 4.72957
1.90409 4.72957
1.90982 4.72957
1.91556 4.72957
1.92133 4.72957
1.92711 4.72957
1.93291 4.72957
1.93872 4.72957
1.94456 4.72957
1.95041 4.72957
1.95628 4.72957
1.96216 4.72957
1.96807 4.72957
1.97399 4.72957
1.97993 4.72957
1.98589 4.72957
1.99186 4.72957
1.99786 4.72957
2.00387 4.72957
2.0099 4.72957
2.01595 4.72957
2.02201 4.72957
2.0281 4.72957
2.0342 4.72957
2.04032 4.72957
2.04646 4.72957
2.05262 4.72957
2.05879 4.72957
2.06499 4.72957
2.0712 4.72957
2.07743 4.72957
2.08369 4.72957
2.08996 4.72957
2.09624 4.72957
2.10255 4.72957
2.10888 4.72957
2.11522 4.72957
2.12159 4.72957
2.12797 4.72957
2.13438 4.72957
2.1408 4.72957
2.14724 4.72957
2.1537 4.72957
2.16018 4.72957
2.16668 4.72957
2.1732 4.72957
2.17974 4.72957
2.1863 4.72957
2.19288 4.72957
2.19948 4.72957
2.20609 4.72957
2.21273 4.72957
2.21939 4.72957
2.22607 4.72957
2.23277 4.72957
2.23949 4.72957
2.24622 4.72957
2.25298 4.72957
2.25976 4.72957
2.26656 4.72957
2.27338 4.72957
2.28022 4.72957
2.28708 4.72957
2.29397 4.72957
2.30087 4.72957
2.30779 4.72957
2.31474 4.72957
2.3217 4.72957
2.32869 4.72957
2.3357 4.72957
2.34272 4.72957
2.34977 4.72957
2.35684 4.72957
2.36393 4.72957
2.37105 4.72957
2.37818 4.72957
2.38534 4.72957
2.39252 4.72957
2.39972 4.72957
2.40694 4.72957
2.41418 4.72957
2.42144 4.72957
2.42873 4.72957
2.43604 4.72957
2.44337 4.72957
2.45072 4.72957
2.45809 4.72957
2.46549 4.72957
2.47291 4.72957
2.48035 4.72957
2.48781 4.72957
2.4953 4.72957
2.50281 4.72957
2.51034 4.72957
2.51789 4.72957
2.52547 4.72957
2.53307 4.72957
2.54069 4.72957
2.54834 4.72957
2.556 4.72957
2.56369 4.72957
2.57141 4.72957
2.57915 4.72957
2.58691 4.72957
2.59469 4.72957
2.6025 4.72957
2.61033 4.72957
2.61818 4.72957
2.62606 4.72957
2.63396 4.72957
2.64189 4.72957
2.64984 4.72957
2.65781 4.72957
2.66581 4.72957
2.67383 4.72957
2.68188 4.72957
2.68995 4.72957
2.69804 4.72957
2.70616 4.72957
2.7143 4.72957
2.72247 4.72957
2.73066 4.72957
2.73888 4.72957
2.74712 4.72957
2.75539 4.72957
2.76368 4.72957
2.77199 4.72957
2.78033 4.72957
2.7887 4.72957
2.79709 4.72957
2.80551 4.72957
2.81395 4.72957
2.82242 4.72957
2.83091 4.72957
2.83943 4.72957
2.84797 4.72957
2.85654 4.72957
2.86514 4.72957
2.87376 4.72957
2.88241 4.72957
2.89108 4.72957
2.89978 4.72957
2.9085 4.72957
2.91726 4.72957
2.92603 4.72957
2.93484 4.72957
2.94367 4.72957
2.95253 4.72957
2.96141 4.72957
2.97032 4.72957
2.97926 4.72957
2.98822 4.72957
2.99722 4.72957
3.00623 4.72957
3.01528 4.72957
3.02435 4.72957
3.03345 4.72957
3.04258 4.72957
3.05174 4.72957
3.06092 4.72957
3.07013 4.72957
3.07937 4.72957
3.08863 4.72957
3.09793 4.72957
3.10725 4.72957
3.1166 4.72957
3.12598 4.72957
3.13538 4.72957
3.14482 4.72957
3.15428 4.72957
3.16377 4.72957
3.17329 4.72957
3.18284 4.72957
3.19242 4.72957
3.20202 4.72957
3.21166 4.72957
3.22132 4.72957
3.23102 4.72957
3.24074 4.72957
3.25049 4.72957
3.26027 4.72957
3.27008 4.72957
3.27992 4.72957
3.28979 4.72957
3.29969 4.72957
3.30962 4.72957
3.31958 4.72957
3.32956 4.72957
3.33958 4.72957
