100 0.115423 0 0
100 0.141073 0 0
100 0.166723 0 0
100 0.192372 0 0
100 0.218022 0 0
100 0.243672 0 0
100 0.269321 0 0
100 0.294971 0 0
100 0.32062 0 0
100 0.34627 0 0
100 0.37192 0 0
100 0.397569 0 0
100 0.423219 0 0
100 0.448869 0 0
100 0.474518 0 0
100 0.500168 0 0
100 0.525818 0 0
100 0.551467 0 0
100 0.577117 0 0
100 0.602767 0 0
100 0.628416 0 0
100 0.654066 0 0
100 0.679715 0 0
100 0.705365 0 0
100 0.731015 0 0
100 0.756664 0 0
100 0.782314 0 0
100 0.807964 0 0
100 0.833613 0 0
100 0.859263 0 0
100 0.884913 0 0
100 0.910562 0 0
100 0.936212 0.00121282 0.000170234
100 0.961861 0.0236939 0.000963475
100 0.987511 0.167497 0.00239467
100 1.01316 0.581723 0.003834
100 1.03881 1.23027 0.00687696
100 1.06446 1.8933 0.00906264
100 1.09011 2.3737 0.0094205
100 1.11576 2.59258 0.0101619
100 1.14141 2.59201 0.00870246
100 1.16706 2.44427 0.00931084
100 1.19271 2.23777 0.00842505
100 1.21836 2.01019 0.00739339
100 1.24401 1.77418 0.00813196
100 1.26966 1.58355 0.00864779
100 1.29531 1.41225 0.00631677
100 1.32096 1.27256 0.00673569
100 1.34661 1.14754 0.00631345
100 1.37226 1.03947 0.00585455
100 1.39791 0.962669 0.005032
100 1.42355 0.892722 0.00475251
100 1.4492 0.829091 0.00450625
100 1.47485 0.785036 0.0048947
100 1.5005 0.748981 0.00517569
100 1.52615 0.723848 0.00501035
100 1.5518 0.706365 0.00394997
100 1.57745 0.696848 0.0043086
100 1.6031 0.691196 0.00445944
100 1.62875 0.681451 0.00426682
100 1.6544 0.692404 0.00428853
100 1.68005 0.706802 0.00404858
100 1.7057 0.726075 0.00384124
100 1.73135 0.752221 0.00385765
100 1.757 0.780605 0.00432569
100 1.78265 0.810219 0.00444228
100 1.8083 0.850326 0.00386685
100 1.83395 0.893038 0.00399327
100 1.8596 0.928958 0.00388069
100 1.88525 0.974763 0.00412003
100 1.9109 1.0163 0.00426514
100 1.93655 1.06105 0.00416524
100 1.9622 1.09789 0.00454824
100 1.98785 1.13842 0.00443525
100 2.0135 1.17443 0.00369129
100 2.03915 1.195 0.00416121
100 2.0648 1.223 0.00396786
100 2.09045 1.23977 0.00417456
100 2.1161 1.25509 0.00421735
100 2.14174 1.25421 0.00400709
100 2.16739 1.25119 0.00402913
100 2.19304 1.23562 0.00388218
100 2.21869 1.21781 0.00396715
100 2.24434 1.19332 0.00356835
100 2.26999 1.16371 0.0040063
100 2.29564 1.13497 0.00395591
100 2.32129 1.10992 0.00385616
100 2.34694 1.08002 0.00300188
100 2.37259 1.04881 0.00393326
100 2.39824 1.02211 0.00328267
100 2.42389 1.00271 0.00319764
100 2.44954 0.977439 0.00291487
100 2.47519 0.966686 0.00308856
100 2.50084 0.95398 0.0029622
100 2.52649 0.945982 0.00309599
100 2.55214 0.936237 0.00313898
100 2.57779 0.930136 0.0035052
100 2.60344 0.930058 0.00290312
100 2.62909 0.91658 0.0029331
100 2.65474 0.901957 0.00301883
