0 29.8973
1 28.4224
2 28.2424
3 25.7135
4 22.0229
5 20.3822
6 19.2065
7 18.7994
8 18.7994
9 17.4763
10 17.4357
11 17.0221
12 16.6687
13 16.6408
14 16.3828
15 15.5637
16 15.5637
17 15.4472
18 14.4254
19 14.4191
20 14.38
21 14.3554
22 14.331
23 14.2772
24 13.5996
25 13.5996
26 13.5755
27 13.5755
28 12.6245
29 12.6195
30 11.8387
31 11.8337
32 11.7557
33 10.9743
34 10.9693
35 10.9232
36 10.9232
37 10.9232
38 10.3524
39 10.3524
40 10.3524
41 10.3524
42 10.2627
43 10.2627
44 10.2627
45 9.96497
46 9.96497
47 9.96497
48 9.96497
49 9.77574
50 8.93592
51 8.93592
52 8.93592
53 8.93592
54 8.93592
55 8.93592
56 8.93592
57 8.93592
58 8.93592
59 8.49264
60 8.49264
61 8.49264
62 8.49264
63 8.49264
64 8.49264
65 8.49264
66 8.49264
67 8.48507
68 8.48507
69 8.48507
70 8.23016
71 8.23016
72 8.09149
73 8.09149
74 8.09149
75 7.21354
76 7.21354
77 7.21354
78 7.21354
79 7.21354
80 7.21354
81 7.21354
82 7.21354
83 7.21354
84 7.21354
85 7.21354
86 7.21354
87 7.21354
88 7.21354
89 7.21354
90 7.02521
91 7.02521
92 7.02521
93 7.02521
94 7.02521
95 7.02521
96 7.02521
97 7.02521
98 7.02521
99 7.02521
100 7.02521
101 7.02521
102 7.02521
103 7.02521
104 7.02521
105 7.02521
106 7.02521
107 7.02521
108 7.02521
109 7.02521
110 7.02521
111 7.02521
112 7.02521
113 7.02521
114 7.02521
115 7.02521
116 7.02521
117 7.02521
118 7.02521
119 7.02521
120 7.02521
121 7.02521
122 7.02521
123 7.02521
124 6.94885
125 6.94885
126 6.94885
127 6.94885
128 6.94885
129 6.94885
130 6.94885
131 6.94885
132 6.94885
133 6.94885
134 6.94885
135 6.94885
136 6.94885
137 6.94885
138 6.94885
139 6.94885
140 6.94885
141 6.94885
142 6.94885
143 6.94885
144 6.94885
145 6.94885
146 6.94885
147 6.94885
148 6.94885
149 6.94885
150 6.94885
151 6.94885
152 6.94885
153 6.94885
154 6.94885
155 6.94885
156 6.94885
157 6.94885
158 6.94885
159 6.94885
160 6.94885
161 6.94885
162 6.94885
163 6.94885
164 6.94885
165 6.94885
166 6.94885
167 6.94885
168 6.94885
169 6.94885
170 6.94885
171 6.94885
172 6.94885
173 6.94885
174 6.94885
175 6.94885
176 6.94885
177 6.94885
178 6.94885
179 6.94885
180 6.94885
181 6.94885
182 6.94885
183 6.94885
184 6.94885
185 6.94885
186 6.94885
187 6.94885
188 6.94885
189 6.94885
190 6.94885
191 6.94885
192 6.94885
193 6.94885
194 6.94885
195 6.94885
196 6.94885
197 6.94885
198 6.94885
199 6.94885
200 6.94885
201 6.94885
202 6.94885
203 6.94885
204 6.94885
205 6.94885
206 6.94885
207 6.94885
208 6.94885
209 6.94885
210 6.94885
211 6.94885
212 6.94885
213 6.94885
214 6.94885
215 6.94885
216 6.94885
217 6.94885
218 6.94885
219 6.94885
220 6.94885
221 6.94885
222 6.94885
223 6.94885
224 6.94885
225 6.94885
226 6.94885
227 6.94885
228 6.94885
229 6.94885
230 6.94885
231 6.94885
232 6.94885
233 6.94885
234 6.94885
235 6.94885
236 6.94885
237 6.94885
238 6.94885
239 6.94885
240 6.94885
241 6.94885
242 6.94885
243 6.94885
244 6.94885
245 6.94885
246 6.94885
247 6.94885
248 6.94885
249 6.94885
250 6.94885
251 6.94885
252 6.94885
253 6.94885
254 6.94885
255 6.94885
256 6.94885
257 6.94885
258 6.94885
259 6.94885
260 6.94885
261 6.94885
262 6.94885
263 6.94885
264 6.94885
265 6.94885
266 6.94885
267 6.94885
268 6.94885
269 6.94885
270 6.94885
271 6.94885
272 6.94885
273 6.94885
274 6.94885
275 6.94885
276 6.94885
277 6.94885
278 6.94885
279 6.94885
280 6.94885
281 6.94885
282 6.94885
283 6.94885
284 6.94885
285 6.94885
286 6.94885
287 6.94885
288 6.94885
289 6.94885
290 6.94885
291 6.94885
292 6.94885
293 6.94885
294 6.94885
295 6.94885
296 6.94885
297 6.94885
298 6.94885
299 6.94885
300 6.94885
301 6.94885
302 6.94885
303 6.94885
304 6.94885
305 6.94885
306 6.94885
307 6.94885
308 6.94885
309 6.94885
310 6.94885
311 6.94885
312 6.94885
313 6.94885
314 6.94885
315 6.94885
316 6.94885
317 6.94885
318 6.94885
319 6.94885
320 6.94885
321 6.94885
322 6.94885
323 6.94885
324 6.94885
325 6.94885
326 6.94885
327 6.94885
328 6.94885
329 6.94885
330 6.94885
331 6.94885
332 6.94885
333 6.94885
334 6.94885
335 6.94885
336 6.94885
337 6.94885
338 6.94885
339 6.94885
340 6.94885
341 6.94885
342 6.94885
343 6.94885
344 6.94885
345 6.94885
346 6.94885
347 6.94885
348 6.94885
349 6.94885
350 6.94885
351 6.94885
352 6.94885
353 6.94885
354 6.94885
355 6.94885
356 6.94885
357 6.94885
358 6.94885
359 6.94885
360 6.94885
361 6.94885
362 6.94885
363 6.94885
364 6.94885
365 6.94885
366 6.94885
367 6.94885
368 6.94885
369 6.94885
370 6.94885
371 6.94885
372 6.94885
373 6.94885
374 6.94885
375 6.94885
376 6.94885
377 6.94885
378 6.94885
379 6.94885
380 6.94885
381 6.94885
382 6.94885
383 6.94885
384 6.94885
385 6.94885
386 6.94885
387 6.94885
388 6.94885
389 6.94885
390 6.94885
391 6.94885
392 6.94885
393 6.94885
394 6.94885
395 6.94885
396 6.94885
397 6.94885
398 6.94885
399 6.94885
400 6.94885
401 6.94885
402 6.94885
403 6.94885
404 6.94885
405 6.94885
406 6.94885
407 6.94885
408 6.94885
409 6.94885
410 6.94885
411 6.94885
412 6.94885
413 6.94885
414 6.94885
415 6.94885
416 6.94885
417 6.94885
418 6.94885
419 6.94885
420 6.94885
421 6.94885
422 6.94885
423 6.94885
424 6.94885
425 6.94885
426 6.94885
427 6.94885
428 6.94885
429 6.94885
430 6.94885
431 6.94885
432 6.94885
433 6.94885
434 6.94885
435 6.94885
436 6.94885
437 6.94885
438 6.94885
439 6.94885
440 6.94885
441 6.94885
442 6.94885
443 6.94885
444 6.94885
445 6.94885
446 6.94885
447 6.94885
448 6.94885
449 6.94885
450 6.94885
451 6.94885
452 6.94885
453 6.94885
454 6.94885
455 6.94885
456 6.94885
457 6.94885
458 6.94885
459 6.94885
460 6.94885
461 6.94885
462 6.94885
463 6.94885
464 6.94885
465 6.94885
466 6.94885
467 6.94885
468 6.94885
469 6.94885
470 6.94885
471 6.94885
472 6.94885
473 6.94885
474 6.94885
475 6.94885
476 6.94885
477 6.94885
478 6.94885
479 6.94885
480 6.94885
481 6.94885
482 6.94885
483 6.94885
484 6.94885
485 6.94885
486 6.94885
487 6.94885
488 6.94885
489 6.94885
490 6.94885
491 6.94885
492 6.94885
493 6.94885
494 6.94885
495 6.94885
496 6.94885
497 6.94885
498 6.94885
499 6.94885
500 6.94885
501 6.94885
502 6.94885
503 6.94885
504 6.94885
505 6.94885
506 6.94885
507 6.94885
508 6.94885
509 6.94885
510 6.94885
511 6.94885
512 6.94885
513 6.94885
514 6.94885
515 6.94885
516 6.94885
517 6.94885
518 6.94885
519 6.94885
520 6.94885
521 6.94885
522 6.94885
523 6.94885
524 6.94885
525 6.94885
526 6.94885
527 6.94885
528 6.94885
529 6.94885
530 6.94885
531 6.94885
532 6.94885
533 6.94885
534 6.94885
535 6.94885
536 6.94885
537 6.94885
538 6.94885
539 6.94885
540 6.94885
541 6.94885
542 6.94885
543 6.94885
544 6.94885
545 6.94885
546 6.94885
547 6.94885
548 6.94885
549 6.94885
550 6.94885
551 6.94885
552 6.94885
553 6.94885
554 6.94885
555 6.94885
556 6.94885
557 6.94885
558 6.94885
559 6.94885
560 6.94885
561 6.94885
562 6.94885
563 6.94885
564 6.94885
565 6.94885
566 6.94885
567 6.94885
568 6.94885
569 6.94885
570 6.94885
571 6.94885
572 6.94885
573 6.94885
574 6.94885
575 6.94885
576 6.94885
577 6.94885
578 6.94885
579 6.94885
580 6.94885
581 6.94885
582 6.94885
583 6.94885
584 6.94885
585 6.94885
586 6.94885
587 6.94885
588 6.94885
589 6.94885
590 6.94885
591 6.94885
592 6.94885
593 6.94885
594 6.94885
595 6.94885
596 6.94885
597 6.94885
598 6.94885
599 6.94885
600 6.94885
601 6.94885
602 6.94885
603 6.94885
604 6.94885
605 6.94885
606 6.94885
607 6.94885
608 6.94885
609 6.94885
610 6.94885
611 6.94885
612 6.94885
613 6.94885
614 6.94885
615 6.94885
616 6.94885
617 6.94885
618 6.94885
619 6.94885
620 6.94885
621 6.94885
622 6.94885
623 6.94885
624 6.94885
625 6.94885
626 6.94885
627 6.94885
628 6.94885
629 6.94885
630 6.94885
631 6.94885
632 6.94885
633 6.94885
634 6.94885
635 6.94885
636 6.94885
637 6.94885
638 6.94885
639 6.94885
640 6.94885
641 6.94885
642 6.94885
643 6.94885
644 6.94885
645 6.94885
646 6.94885
647 6.94885
648 6.94885
649 6.94885
650 6.94885
651 6.94885
652 6.94885
653 6.94885
654 6.94885
655 6.94885
656 6.94885
657 6.94885
658 6.94885
659 6.94885
660 6.94885
661 6.94885
662 6.94885
663 6.94885
664 6.94885
665 6.94885
666 6.94885
667 6.94885
668 6.94885
669 6.94885
670 6.94885
671 6.94885
672 6.94885
673 6.94885
674 6.94885
675 6.94885
676 6.94885
677 6.94885
678 6.94885
679 6.94885
680 6.94885
681 6.94885
682 6.94885
683 6.94885
684 6.94885
685 6.94885
686 6.94885
687 6.94885
688 6.94885
689 6.94885
690 6.94885
691 6.94885
692 6.94885
693 6.94885
694 6.94885
695 6.94885
696 6.94885
697 6.94885
698 6.94885
699 6.94885
700 6.94885
701 6.94885
702 6.94885
703 6.94885
704 6.94885
705 6.94885
706 6.94885
707 6.94885
708 6.94885
709 6.94885
710 6.94885
711 6.94885
712 6.94885
713 6.94885
714 6.94885
715 6.94885
716 6.94885
717 6.94885
718 6.94885
719 6.94885
720 6.94885
721 6.94885
722 6.94885
723 6.94885
724 6.94885
725 6.94885
726 6.94885
727 6.94885
728 6.94885
729 6.94885
730 6.94885
731 6.94885
732 6.94885
733 6.94885
734 6.94885
735 6.94885
736 6.94885
737 6.94885
738 6.94885
739 6.94885
740 6.94885
741 6.94885
742 6.94885
743 6.94885
744 6.94885
745 6.94885
746 6.94885
747 6.94885
748 6.94885
749 6.94885
750 6.94885
751 6.94885
752 6.94885
753 6.94885
754 6.94885
755 6.94885
756 6.94885
757 6.94885
758 6.94885
759 6.94885
760 6.94885
761 6.94885
762 6.94885
763 6.94885
764 6.94885
765 6.94885
766 6.94885
767 6.94885
768 6.94885
769 6.94885
770 6.94885
771 6.94885
772 6.94885
773 6.94885
774 6.94885
775 6.94885
776 6.94885
777 6.94885
778 6.94885
779 6.94885
780 6.94885
781 6.94885
782 6.94885
783 6.94885
784 6.94885
785 6.94885
786 6.94885
787 6.94885
788 6.94885
789 6.94885
790 6.94885
791 6.94885
792 6.94885
793 6.94885
794 6.94885
795 6.94885
796 6.94885
797 6.94885
798 6.94885
799 6.94885
800 6.94885
801 6.94885
802 6.94885
803 6.94885
804 6.94885
805 6.94885
806 6.94885
807 6.94885
808 6.94885
809 6.94885
810 6.94885
811 6.94885
812 6.94885
813 6.94885
814 6.94885
815 6.94885
816 6.94885
817 6.94885
818 6.94885
819 6.94885
820 6.94885
821 6.94885
822 6.94885
823 6.94885
824 6.94885
825 6.94885
826 6.94885
827 6.94885
828 6.94885
829 6.94885
830 6.94885
831 6.94885
832 6.94885
833 6.94885
834 6.94885
835 6.94885
836 6.94885
837 6.94885
838 6.94885
839 6.94885
840 6.94885
841 6.94885
842 6.94885
843 6.94885
844 6.94885
845 6.94885
846 6.94885
847 6.94885
848 6.94885
849 6.94885
850 6.94885
851 6.94885
852 6.94885
853 6.94885
854 6.94885
855 6.94885
856 6.94885
857 6.94885
858 6.94885
859 6.94885
860 6.94885
861 6.94885
862 6.94885
863 6.94885
864 6.94885
865 6.94885
866 6.94885
867 6.94885
868 6.94885
869 6.94885
870 6.94885
871 6.94885
872 6.94885
873 6.94885
874 6.94885
875 6.94885
876 6.94885
877 6.94885
878 6.94885
879 6.94885
880 6.94885
881 6.94885
882 6.94885
883 6.94885
884 6.94885
885 6.94885
886 6.94885
887 6.94885
888 6.94885
889 6.94885
890 6.94885
891 6.94885
892 6.94885
893 6.94885
894 6.94885
895 6.94885
896 6.94885
897 6.94885
898 6.94885
899 6.94885
900 6.94885
901 6.94885
902 6.94885
903 6.94885
904 6.94885
905 6.94885
906 6.94885
907 6.94885
908 6.94885
909 6.94885
910 6.94885
911 6.94885
912 6.94885
913 6.94885
914 6.94885
915 6.94885
916 6.94885
917 6.94885
918 6.94885
919 6.94885
920 6.94885
921 6.94885
922 6.94885
923 6.94885
924 6.94885
925 6.94885
926 6.94885
927 6.94885
928 6.94885
929 6.94885
930 6.94885
931 6.94885
932 6.94885
933 6.94885
934 6.94885
935 6.94885
936 6.94885
937 6.94885
938 6.94885
939 6.94885
940 6.94885
941 6.94885
942 6.94885
943 6.94885
944 6.94885
945 6.94885
946 6.94885
947 6.94885
948 6.94885
949 6.94885
950 6.94885
951 6.94885
952 6.94885
953 6.94885
954 6.94885
955 6.94885
956 6.94885
957 6.94885
958 6.94885
959 6.94885
960 6.94885
961 6.94885
962 6.94885
963 6.94885
964 6.94885
965 6.94885
966 6.94885
967 6.94885
968 6.94885
969 6.94885
970 6.94885
971 6.94885
972 6.94885
973 6.94885
974 6.94885
975 6.94885
976 6.94885
977 6.94885
978 6.94885
979 6.94885
980 6.94885
981 6.94885
982 6.94885
983 6.94885
984 6.94885
985 6.94885
986 6.94885
987 6.94885
988 6.94885
989 6.94885
990 6.94885
991 6.94885
992 6.94885
993 6.94885
994 6.94885
995 6.94885
996 6.94885
997 6.94885
998 6.94885
999 6.94885
1000 6.94885
1001 6.94885
1002 6.94885
1003 6.94885
1004 6.94885
1005 6.94885
1006 6.94885
1007 6.94885
1008 6.94885
1009 6.94885
1010 6.94885
1011 6.94885
1012 6.94885
1013 6.94885
1014 6.94885
1015 6.94885
1016 6.94885
1017 6.94885
1018 6.94885
1019 6.94885
1020 6.94885
1021 6.94885
1022 6.94885
1023 6.94885
1024 6.94885
1025 6.94885
1026 6.94885
1027 6.94885
1028 6.94885
1029 6.94885
1030 6.94885
1031 6.94885
1032 6.94885
1033 6.94885
1034 6.94885
1035 6.94885
1036 6.94885
1037 6.94885
1038 6.94885
1039 6.94885
1040 6.94885
1041 6.94885
1042 6.94885
1043 6.94885
1044 6.94885
1045 6.94885
1046 6.94885
1047 6.94885
1048 6.94885
1049 6.94885
1050 6.94885
1051 6.94885
1052 6.94885
1053 6.94885
1054 6.94885
1055 6.94885
1056 6.94885
1057 6.94885
1058 6.94885
1059 6.94885
1060 6.94885
1061 6.94885
1062 6.94885
1063 6.94885
1064 6.94885
1065 6.94885
1066 6.94885
1067 6.94885
1068 6.94885
1069 6.94885
1070 6.94885
1071 6.94885
1072 6.94885
1073 6.94885
1074 6.94885
1075 6.94885
1076 6.94885
1077 6.94885
1078 6.94885
1079 6.94885
1080 6.94885
1081 6.94885
1082 6.94885
1083 6.94885
1084 6.94885
1085 6.94885
1086 6.94885
1087 6.94885
1088 6.94885
1089 6.94885
1090 6.94885
1091 6.94885
1092 6.2403
1093 6.2403
1094 6.2403
1095 6.2403
1096 6.2403
1097 6.2403
1098 6.2403
1099 6.2403
1100 6.2403
1101 6.2403
1102 6.2403
1103 6.2403
1104 6.2403
1105 6.2403
1106 6.2403
1107 6.2403
1108 6.2403
1109 6.2403
1110 6.2403
1111 6.2403
1112 6.2403
1113 6.2403
1114 6.2403
1115 6.2403
1116 6.2403
1117 6.2403
1118 6.2403
1119 6.2403
1120 6.2403
1121 6.2403
1122 6.2403
1123 6.2403
1124 6.2403
1125 6.2403
1126 6.2403
1127 6.2403
1128 6.2403
1129 6.2403
1130 6.2403
1131 6.2403
1132 6.2403
1133 6.2403
1134 6.2403
1135 6.2403
1136 6.2403
1137 6.2403
1138 6.2403
1139 6.2403
1140 6.2403
1141 6.2403
1142 6.2403
1143 6.2403
1144 6.2403
1145 6.2403
1146 6.2403
1147 6.2403
1148 6.2403
1149 6.2403
1150 6.2403
1151 6.2403
1152 6.2403
1153 6.2403
1154 6.2403
1155 6.2403
1156 6.2403
1157 6.2403
1158 6.2403
1159 6.2403
1160 6.2403
1161 6.2403
1162 6.2403
1163 6.2403
1164 6.2403
1165 6.2403
1166 6.2403
1167 6.2403
1168 6.2403
1169 6.2403
1170 6.2403
1171 6.2403
1172 6.2403
1173 6.2403
1174 6.2403
1175 6.2403
1176 6.2403
1177 6.2403
1178 6.2403
1179 6.2403
1180 6.2403
1181 6.2403
1182 6.2403
1183 6.2403
1184 6.2403
1185 6.2403
1186 6.2403
1187 6.2403
1188 6.2403
1189 6.2403
1190 6.2403
1191 6.2403
1192 6.2403
1193 6.2403
1194 6.2403
1195 6.2403
1196 6.2403
1197 6.2403
1198 6.2403
1199 6.2403
