0 13.4427
1 12.4649
2 11.6439
3 11.3793
4 10.9851
5 10.8571
6 10.6702
7 10.6702
8 10.1657
9 10.1249
10 10.0285
11 9.58479
12 9.52218
13 9.48886
14 8.79976
15 8.4491
16 8.4491
17 8.43539
18 8.10873
19 7.98246
20 7.70214
21 7.24004
22 7.20301
23 7.14686
24 6.91969
25 6.8674
26 6.77638
27 6.70857
28 6.54705
29 6.50066
30 6.44256
31 6.33045
32 6.33045
33 6.26488
34 6.20866
35 6.20866
36 6.09278
37 5.99298
38 5.96758
39 5.78672
40 5.78672
41 5.63922
42 5.63922
43 5.63922
44 5.63922
45 5.63922
46 5.63922
47 5.63444
48 5.50811
49 5.50811
50 5.48231
51 5.48231
52 5.48231
53 5.48231
54 5.48231
55 5.48231
56 5.48231
57 5.48231
58 5.48231
59 5.48231
60 5.35964
61 5.35964
62 5.35964
63 5.35964
64 5.35964
65 5.35964
66 5.35964
67 5.35964
68 5.35964
69 5.35964
70 5.35964
71 5.35964
72 5.35964
73 5.35964
74 5.35964
75 5.35964
76 5.35964
77 5.35964
78 5.35964
79 5.35964
80 5.28389
81 5.28389
82 5.28389
83 5.28389
84 5.28389
85 5.28389
86 5.28389
87 5.28389
88 5.28389
89 5.28389
90 5.28389
91 5.28389
92 5.28389
93 5.28389
94 5.28389
95 5.28389
96 5.28389
97 5.28389
98 5.28389
99 5.23077
100 5.14341
101 5.14341
102 5.13944
103 5.13944
104 5.13944
105 5.13944
106 5.13944
107 5.13944
108 5.13944
109 5.13944
110 5.13944
111 5.13461
112 4.914
113 4.914
114 4.914
115 4.914
116 4.914
117 4.914
118 4.914
119 4.914
120 4.914
121 4.914
122 4.914
123 4.914
124 4.914
125 4.914
126 4.914
127 4.914
128 4.914
129 4.914
130 4.914
131 4.914
132 4.914
133 4.914
134 4.914
135 4.914
136 4.914
137 4.914
138 4.914
139 4.914
140 4.914
141 4.914
142 4.914
143 4.914
144 4.9098
145 4.9098
146 4.9098
147 4.9098
148 4.9098
149 4.9098
150 4.9098
151 4.9098
152 4.9098
153 4.9098
154 4.9098
155 4.9098
156 4.9098
157 4.9098
158 4.9098
159 4.9098
160 4.9098
161 4.9098
162 4.9098
163 4.9098
164 4.9098
165 4.9098
166 4.9098
167 4.9098
168 4.9098
169 4.9098
170 4.9098
171 4.9098
172 4.9098
173 4.9098
174 4.9098
175 4.9098
176 4.9098
177 4.9098
178 4.9098
179 4.9098
180 4.9098
181 4.9098
182 4.9098
183 4.9098
184 4.9098
185 4.9098
186 4.9098
187 4.9098
188 4.9098
189 4.9098
190 4.9098
191 4.9098
192 4.9098
193 4.9098
194 4.9098
195 4.9098
196 4.9098
197 4.9098
198 4.9098
199 4.9098
200 4.9098
201 4.9098
202 4.9098
203 4.9098
204 4.9098
205 4.9098
206 4.9098
207 4.9098
208 4.9098
209 4.9098
210 4.9098
211 4.9098
212 4.9098
213 4.9098
214 4.9098
215 4.9098
216 4.9098
217 4.9098
218 4.9098
219 4.9098
220 4.9098
221 4.9098
222 4.9098
223 4.9098
224 4.9098
225 4.9098
226 4.9098
227 4.9098
228 4.9098
229 4.9098
230 4.9098
231 4.9098
232 4.9098
233 4.9098
234 4.9098
235 4.9098
236 4.9098
237 4.9098
238 4.9098
239 4.9098
240 4.9098
241 4.9098
242 4.9098
243 4.9098
244 4.9098
245 4.9098
246 4.9098
247 4.9098
248 4.9098
249 4.9098
250 4.9098
251 4.9098
252 4.9098
253 4.9098
254 4.9098
255 4.9098
256 4.9098
257 4.9098
258 4.9098
259 4.9098
260 4.9098
261 4.9098
262 4.9098
263 4.9098
264 4.9098
265 4.9098
266 4.9098
267 4.9098
268 4.9098
269 4.9098
270 4.9098
271 4.9098
272 4.9098
273 4.9098
274 4.9098
275 4.9098
276 4.9098
277 4.9098
278 4.9098
279 4.9098
280 4.9098
281 4.9098
282 4.9098
283 4.9098
284 4.9098
285 4.9098
286 4.9098
287 4.9098
288 4.9098
289 4.9098
290 4.9098
291 4.9098
292 4.9098
293 4.9098
294 4.9098
295 4.9098
296 4.9098
297 4.9098
298 4.9098
299 4.9098
300 4.9098
301 4.9098
302 4.9098
303 4.9098
304 4.9098
305 4.9098
306 4.9098
307 4.9098
308 4.9098
309 4.9098
310 4.9098
311 4.9098
312 4.9098
313 4.9098
314 4.9098
315 4.9098
316 4.9098
317 4.9098
318 4.9098
319 4.9098
320 4.9098
321 4.9098
322 4.9098
323 4.9098
324 4.9098
325 4.9098
326 4.9098
327 4.9098
328 4.9098
329 4.9098
330 4.9098
331 4.9098
332 4.9098
333 4.9098
334 4.9098
335 4.9098
336 4.9098
337 4.9098
338 4.9098
339 4.9098
340 4.9098
341 4.9098
342 4.9098
343 4.9098
344 4.9098
345 4.9098
346 4.9098
347 4.9098
348 4.9098
349 4.9098
350 4.9098
351 4.9098
352 4.9098
353 4.9098
354 4.9098
355 4.9098
356 4.9098
357 4.9098
358 4.9098
359 4.9098
360 4.9098
361 4.9098
362 4.9098
363 4.9098
364 4.9098
365 4.9098
366 4.9098
367 4.9098
368 4.9098
369 4.9098
370 4.9098
371 4.9098
372 4.9098
373 4.9098
374 4.9098
375 4.9098
376 4.9098
377 4.9098
378 4.9098
379 4.9098
380 4.9098
381 4.9098
382 4.9098
383 4.9098
384 4.9098
385 4.9098
386 4.9098
387 4.9098
388 4.9098
389 4.9098
390 4.9098
391 4.9098
392 4.9098
393 4.9098
394 4.9098
395 4.9098
396 4.9098
397 4.9098
398 4.9098
399 4.9098
400 4.9098
401 4.9098
402 4.9098
403 4.9098
404 4.9098
405 4.9098
406 4.9098
407 4.9098
408 4.9098
409 4.9098
410 4.9098
411 4.9098
412 4.9098
413 4.9098
414 4.85789
415 4.68713
416 4.68713
417 4.68713
418 4.68713
419 4.68713
420 4.68713
421 4.68713
422 4.68713
423 4.68713
424 4.68713
425 4.68713
426 4.68713
427 4.68713
428 4.68713
429 4.68713
430 4.68713
431 4.68713
432 4.68713
433 4.68713
434 4.68713
435 4.68713
436 4.68713
437 4.68713
438 4.68713
439 4.68713
440 4.68713
441 4.68713
442 4.68713
443 4.68713
444 4.68713
445 4.68713
446 4.68713
447 4.68713
448 4.68713
449 4.68713
450 4.68713
451 4.68713
452 4.68713
453 4.68713
454 4.68713
455 4.68713
456 4.68713
457 4.68713
458 4.68713
459 4.68713
460 4.68713
461 4.68713
462 4.68713
463 4.68713
464 4.68713
465 4.68713
466 4.68713
467 4.68713
468 4.68713
469 4.68713
470 4.68713
471 4.68713
472 4.68713
473 4.68713
474 4.68713
475 4.68713
476 4.68713
477 4.68713
478 4.68713
479 4.68713
480 4.68713
481 4.68713
482 4.68713
483 4.68713
484 4.68713
485 4.68713
486 4.68713
487 4.68713
488 4.68713
489 4.68713
490 4.68713
491 4.68713
492 4.68713
493 4.68713
494 4.68713
495 4.68713
496 4.68713
497 4.68713
498 4.68713
499 4.68713
