1 0.122649 0.169918
30 0.813285 0.0179424
25 0.577269 0.840005
18 0.0839539 0.159259
2 0.729649 0.331166
4 0.705029 0.0860072
12 0.233157 0.193293
9 0.279233 0.545858
20 0.501858 0.024284
13 0.493226 0.756047
16 0.471797 0.584917
11 0.0646429 0.754654
29 0.918855 0.939875
21 0.686006 0.369351
19 0.931865 0.754052
17 0.616809 0.580468
6 0.371496 0.836567
14 0.479138 0.49426
26 0.0527608 0.453507
5 0.656019 0.905484
23 0.67838 0.0982145
8 0.168325 0.572439
32 0.713423 0.111777
3 0.477115 0.571835
27 0.765764 0.970267
7 0.776048 0.0211376
28 0.22611 0.99461
31 0.133804 0.0534795
10 0.0173017 0.583179
22 0.651955 0.213852
24 0.12096 0.680137
15 0.257893 0.239268
