0 38.2732
1 36.0815
2 33.8063
3 31.9481
4 30.2978
5 28.5914
6 26.6412
7 24.4757
8 22.6824
9 21.6103
10 20.8137
11 20.0239
12 19.4642
13 19.1821
14 18.68
15 18.3112
16 17.9437
17 17.4548
18 17.2229
19 16.858
20 16.4785
21 16.2031
22 15.7796
23 15.5469
24 15.3713
25 15.2332
26 15.215
27 14.939
28 14.7194
29 14.3787
30 14.241
31 13.9645
32 13.5679
33 13.1726
34 12.8454
35 12.4057
36 12.0961
37 11.9144
38 11.7518
39 11.5761
40 11.3131
41 11.0632
42 10.9243
43 10.8515
44 10.7605
45 10.7402
46 10.7577
47 10.6674
48 10.519
49 10.4315
50 10.4804
51 10.2925
52 10.0617
53 9.87264
54 9.76459
55 9.58171
56 9.54211
57 9.38378
58 9.33678
59 9.46193
60 9.39745
61 9.33098
62 9.22689
63 9.17296
64 9.24033
65 9.16831
66 9.19481
67 9.08865
68 8.93765
69 8.86632
70 8.78687
71 8.76076
72 8.73442
73 8.74648
74 8.68011
75 8.7077
76 8.72289
77 8.40665
78 8.19776
79 7.98077
80 7.81376
81 7.73506
82 7.67409
83 7.56103
84 7.56123
85 7.6218
86 7.63234
87 7.57303
88 7.5895
89 7.57379
90 7.55115
91 7.53014
92 7.54765
93 7.49065
94 7.57258
95 7.55175
96 7.50098
97 7.45257
98 7.44919
99 7.42816
100 7.42651
101 7.31718
102 7.3017
103 7.35102
104 7.52492
105 7.67711
106 7.80317
107 7.80523
108 7.86072
109 7.64741
110 7.47327
111 7.38906
112 7.46887
113 7.46911
114 7.39351
115 7.26428
116 7.31433
117 7.42026
118 7.53945
119 7.52332
120 7.4584
121 7.35968
122 7.47086
123 7.51877
124 7.55945
125 7.6155
126 7.63223
127 7.51335
128 7.51122
129 7.47166
130 7.42586
131 7.33996
132 7.31032
133 7.23369
134 7.25932
135 7.29957
136 7.23242
137 7.28148
138 7.25703
139 7.36201
140 7.32775
141 7.30493
142 7.29912
143 7.2865
144 7.29681
145 7.31315
146 7.26518
147 7.25457
148 7.27485
149 7.43935
150 7.39408
151 7.39394
152 7.30914
153 7.30017
154 7.21271
155 7.3179
156 7.32675
157 7.37649
158 7.46412
159 7.52949
160 7.60315
161 7.59143
162 7.57999
163 7.4942
164 7.61904
165 7.72777
166 7.78473
167 7.83464
168 7.65065
169 7.52347
170 7.51186
171 7.46309
172 7.54737
173 7.61028
174 7.58621
175 7.51545
176 7.50068
177 7.39595
178 7.31931
179 7.40441
180 7.43894
181 7.38997
182 7.47159
183 7.43178
184 7.52902
185 7.47688
186 7.39051
187 7.49323
188 7.39735
189 7.40323
190 7.36374
191 7.27549
192 7.26495
193 7.28659
194 7.26785
195 7.2894
196 7.31186
197 7.33542
198 7.31337
199 7.28937
200 7.35318
201 7.30371
202 7.35706
203 7.36897
204 7.38075
205 7.32692
206 7.27507
207 7.3405
208 7.34336
209 7.34219
210 7.34635
211 7.28234
212 7.23396
213 7.2384
214 7.22492
215 7.30186
216 7.28585
217 7.27225
218 7.37024
219 7.40194
220 7.38864
221 7.39302
222 7.45026
223 7.35542
224 7.28291
225 7.3267
226 7.37041
227 7.44937
228 7.36312
229 7.36721
230 7.31938
231 7.37197
232 7.36231
233 7.46574
234 7.47383
235 7.33871
236 7.30397
237 7.4864
238 7.4608
239 7.403
240 7.37061
241 7.41423
242 7.34542
243 7.24089
244 7.26594
245 7.26903
246 7.29941
247 7.30729
248 7.31363
249 7.34186
250 7.31698
251 7.30125
252 7.33713
253 7.3087
254 7.39215
255 7.41139
256 7.51405
257 7.51865
258 7.46477
259 7.43921
260 7.3632
261 7.2402
262 7.38004
263 7.30137
264 7.21374
265 7.2248
266 7.23344
267 7.33165
268 7.35788
269 7.42617
270 7.40667
271 7.44073
272 7.37205
273 7.36532
274 7.45073
275 7.42659
276 7.40128
277 7.27161
278 7.24451
279 7.3074
280 7.40066
281 7.50076
282 7.51227
283 7.52581
284 7.58061
285 7.62264
286 7.637
287 7.49437
288 7.38954
289 7.37894
290 7.29387
291 7.35626
292 7.43839
293 7.44909
294 7.42267
295 7.42878
296 7.40257
297 7.38235
298 7.40162
299 7.37511
300 7.45353
301 7.45165
302 7.42783
303 7.50184
304 7.44714
305 7.49233
306 7.44961
307 7.48874
308 7.39872
309 7.35857
310 7.4914
311 7.55531
312 7.61736
313 7.79927
314 7.88487
315 7.89701
316 7.71044
317 7.62132
318 7.67241
319 7.56816
320 7.56573
321 7.56694
322 7.67359
323 7.57929
324 7.49802
325 7.48377
326 7.41201
327 7.39681
328 7.2778
329 7.27609
330 7.26503
331 7.18603
332 7.32086
333 7.33327
334 7.33144
335 7.3772
336 7.40257
337 7.44953
338 7.47369
339 7.46041
340 7.47548
341 7.36174
342 7.38659
343 7.34545
344 7.40984
345 7.33739
346 7.36664
347 7.28875
348 7.43614
349 7.31174
350 7.29749
351 7.37625
352 7.39462
353 7.42358
354 7.50567
355 7.45514
356 7.50827
357 7.42671
358 7.34779
359 7.40185
360 7.52739
361 7.47534
362 7.46608
363 7.45294
364 7.47491
365 7.43193
366 7.36132
367 7.33584
368 7.28831
369 7.3972
370 7.32551
371 7.301
372 7.34941
373 7.42639
374 7.37091
375 7.32283
376 7.39827
377 7.44076
378 7.35585
379 7.47895
380 7.4905
381 7.37446
382 7.26689
383 7.27758
384 7.30376
385 7.36243
386 7.43469
387 7.45019
388 7.38455
389 7.35228
390 7.338
391 7.40234
392 7.3779
393 7.48049
394 7.40283
395 7.40087
396 7.42456
397 7.3419
398 7.40318
399 7.36518
400 7.35145
401 7.43381
402 7.3605
403 7.38959
404 7.47766
405 7.43201
406 7.45117
407 7.4
408 7.40751
409 7.38388
410 7.51566
411 7.52804
412 7.45531
413 7.57175
414 7.45578
415 7.40919
416 7.3689
417 7.30618
418 7.23766
419 7.25778
420 7.3041
421 7.32587
422 7.33141
423 7.29096
424 7.32952
425 7.47643
426 7.51757
427 7.61012
428 7.67751
429 7.64856
430 7.66525
431 7.65369
432 7.56539
433 7.39029
434 7.33474
435 7.40484
436 7.37882
437 7.50851
438 7.4034
439 7.49083
440 7.46099
441 7.33578
442 7.29108
443 7.30264
444 7.41564
445 7.44863
446 7.5094
447 7.45719
448 7.45668
449 7.35351
450 7.3063
451 7.32191
452 7.32535
453 7.37979
454 7.37386
455 7.36603
456 7.32158
457 7.34817
458 7.42333
459 7.43445
460 7.53956
461 7.54173
462 7.52468
463 7.50648
464 7.54637
465 7.43862
466 7.43752
467 7.27495
468 7.34046
469 7.34423
470 7.34021
471 7.32517
472 7.30003
473 7.37409
474 7.36567
475 7.39379
476 7.39112
477 7.36268
478 7.29042
479 7.2732
480 7.36882
481 7.32629
482 7.42685
483 7.38815
484 7.49454
485 7.54646
486 7.55198
487 7.45821
488 7.42516
489 7.34305
490 7.38109
491 7.36757
492 7.37673
493 7.31052
494 7.26782
495 7.24258
496 7.27899
497 7.31783
498 7.34889
499 7.24644
500 7.24555
501 7.24335
502 7.31941
503 7.26407
504 7.29311
505 7.29835
506 7.39294
507 7.37555
508 7.29321
509 7.28184
510 7.30547
511 7.30334
512 7.34906
513 7.35757
514 7.48992
515 7.54404
516 7.50867
517 7.46452
518 7.45689
519 7.33489
520 7.25722
521 7.27766
522 7.41648
523 7.41629
524 7.38267
525 7.31874
526 7.387
527 7.39454
528 7.48316
529 7.47768
530 7.38065
531 7.34898
532 7.28806
533 7.42692
534 7.42954
535 7.48919
536 7.58631
537 7.5569
538 7.56111
539 7.66358
540 7.63724
541 7.65597
542 7.64817
543 7.69561
544 7.65959
545 7.71938
546 7.64771
547 7.69378
548 7.5885
549 7.51584
550 7.55813
551 7.41329
552 7.42066
553 7.4381
554 7.3767
555 7.49018
556 7.56625
557 7.50464
558 7.4359
559 7.41039
560 7.29101
561 7.22887
562 7.27376
563 7.29445
564 7.28224
565 7.27935
566 7.32413
567 7.26364
568 7.2001
569 7.28942
570 7.43745
571 7.41122
572 7.4764
573 7.32593
574 7.39178
575 7.42751
576 7.4327
577 7.39169
578 7.43322
579 7.51647
580 7.45009
581 7.37282
582 7.37247
583 7.32081
584 7.27724
585 7.28696
586 7.40966
587 7.39374
588 7.36365
589 7.28158
590 7.23503
591 7.29336
592 7.25012
593 7.34395
594 7.36874
595 7.34878
596 7.35753
597 7.33705
598 7.30023
599 7.29751
600 7.35541
601 7.33073
602 7.27917
603 7.31769
604 7.37546
605 7.32543
606 7.37187
607 7.23213
608 7.22123
609 7.36243
610 7.31813
611 7.31469
612 7.33863
613 7.329
614 7.33092
615 7.31165
616 7.33844
617 7.32443
618 7.2884
619 7.34935
620 7.41758
621 7.49278
622 7.55756
623 7.53692
624 7.45862
625 7.50624
626 7.44351
627 7.46076
628 7.44587
629 7.38756
630 7.48641
631 7.43743
632 7.39404
633 7.5437
634 7.43019
635 7.31215
636 7.32369
637 7.35687
638 7.49483
639 7.46579
640 7.3772
641 7.3641
642 7.3628
643 7.48967
644 7.3781
645 7.38028
646 7.41473
647 7.49589
648 7.46903
649 7.45976
650 7.36227
651 7.391
652 7.35437
653 7.33406
654 7.3192
655 7.35837
656 7.29747
657 7.28883
658 7.34022
659 7.42445
660 7.36225
661 7.3371
662 7.38136
663 7.44403
664 7.31589
665 7.36103
666 7.39278
667 7.47608
668 7.5131
669 7.44156
670 7.49599
671 7.54523
672 7.47527
673 7.45842
674 7.33371
675 7.34048
676 7.31555
677 7.31076
678 7.39103
679 7.28659
680 7.21812
681 7.23933
682 7.21954
683 7.36166
684 7.3622
685 7.3201
686 7.3246
687 7.27102
688 7.2381
689 7.19248
690 7.30739
691 7.32968
692 7.27063
693 7.35251
694 7.37036
695 7.39736
696 7.30803
697 7.33271
698 7.33564
699 7.49118
700 7.4313
701 7.46422
702 7.41211
703 7.49066
704 7.54837
705 7.48809
706 7.41206
707 7.42855
708 7.35693
709 7.35741
710 7.35772
711 7.37967
712 7.3458
713 7.27015
714 7.25713
715 7.29161
716 7.20958
717 7.29657
718 7.39955
719 7.51165
720 7.51667
721 7.55311
722 7.47628
723 7.42371
724 7.36527
725 7.38637
726 7.32957
727 7.27939
728 7.21359
729 7.25281
730 7.34702
731 7.40395
732 7.28137
733 7.35129
734 7.31897
735 7.35889
736 7.48665
737 7.59513
738 7.48702
739 7.53209
740 7.57929
741 7.51568
742 7.45262
743 7.41874
744 7.48155
745 7.41154
746 7.29251
747 7.32506
748 7.26808
749 7.28881
750 7.22125
751 7.23006
752 7.2398
753 7.33718
754 7.33985
755 7.34161
756 7.327
757 7.29652
758 7.2256
759 7.27284
760 7.26405
761 7.27038
762 7.24807
763 7.25955
764 7.35277
765 7.37168
766 7.39083
767 7.30882
768 7.30669
769 7.34765
770 7.42384
771 7.51444
772 7.56296
773 7.51163
774 7.50264
775 7.46515
776 7.43001
777 7.33962
778 7.28576
779 7.36612
780 7.34395
781 7.28851
782 7.29476
783 7.21175
784 7.23956
785 7.32787
786 7.37889
787 7.30778
788 7.39045
789 7.40095
790 7.34757
791 7.42851
792 7.47633
793 7.56131
794 7.53175
795 7.54837
796 7.49549
797 7.54239
798 7.44239
799 7.40921
800 7.4383
801 7.54136
802 7.4427
803 7.48514
804 7.57473
805 7.572
806 7.50413
807 7.52059
808 7.56415
809 7.58565
810 7.48434
811 7.62252
812 7.60391
813 7.59915
814 7.43021
815 7.38174
816 7.32885
817 7.34672
818 7.31338
819 7.31663
820 7.24583
821 7.47779
822 7.37249
823 7.3137
824 7.28101
825 7.25041
826 7.24046
827 7.23616
828 7.3421
829 7.3269
830 7.26623
831 7.36874
832 7.41628
833 7.43053
834 7.43553
835 7.40422
836 7.4321
837 7.31913
838 7.46397
839 7.39782
840 7.33933
841 7.45035
842 7.39882
843 7.32575
844 7.26118
845 7.29555
846 7.22089
847 7.27636
848 7.2133
849 7.27605
850 7.29726
851 7.30349
852 7.31892
853 7.35481
854 7.37837
855 7.4058
856 7.46976
857 7.59981
858 7.58995
859 7.61814
860 7.64258
861 7.60501
862 7.58645
863 7.42696
864 7.36172
865 7.38888
866 7.35175
867 7.37848
868 7.39081
869 7.44274
870 7.40443
871 7.4395
872 7.34383
873 7.36677
874 7.39526
875 7.36507
876 7.37708
877 7.35603
878 7.33378
879 7.41041
880 7.44944
881 7.42178
882 7.35082
883 7.32265
884 7.22239
885 7.30781
886 7.31397
887 7.28312
888 7.30982
889 7.39349
890 7.42734
891 7.36004
892 7.47126
893 7.41551
894 7.4486
895 7.38449
896 7.42962
897 7.4316
898 7.52024
899 7.53367
900 7.54948
901 7.58019
902 7.45631
903 7.59697
904 7.6547
905 7.5058
906 7.43197
907 7.35675
908 7.3171
909 7.32188
910 7.26589
911 7.37048
912 7.37244
913 7.41375
914 7.4257
915 7.45145
916 7.51726
917 7.50938
918 7.43356
919 7.36625
920 7.39601
921 7.33193
922 7.29463
923 7.25518
924 7.27759
925 7.3728
926 7.33926
927 7.32378
928 7.25157
929 7.23006
930 7.33237
931 7.42898
932 7.41547
933 7.5088
934 7.49076
935 7.42495
936 7.32718
937 7.24239
938 7.26704
939 7.31115
940 7.24361
941 7.2751
942 7.27563
943 7.34078
944 7.31942
945 7.21951
946 7.22705
947 7.17433
948 7.29177
949 7.37479
950 7.47411
951 7.42426
952 7.34769
953 7.42029
954 7.46565
955 7.39444
956 7.35158
957 7.38463
958 7.43879
959 7.38888
960 7.4846
961 7.32616
962 7.38
963 7.34785
964 7.42697
965 7.47394
966 7.43309
967 7.41156
968 7.33192
969 7.33086
970 7.39232
971 7.50767
972 7.46328
973 7.34411
974 7.28069
975 7.37442
976 7.4212
977 7.4867
978 7.50092
979 7.52018
980 7.59731
981 7.51654
982 7.41052
983 7.38097
984 7.32343
985 7.4035
986 7.3885
987 7.49424
988 7.59391
989 7.55225
990 7.47487
991 7.39161
992 7.42671
993 7.36327
994 7.36805
995 7.35645
996 7.38533
997 7.4646
998 7.41969
999 7.26526
1000 7.26527
1001 7.25895
1002 7.3011
1003 7.36011
1004 7.47997
1005 7.48367
1006 7.36812
1007 7.28069
1008 7.39547
1009 7.43846
1010 7.3912
1011 7.38653
1012 7.36531
1013 7.37266
1014 7.38716
1015 7.29187
1016 7.3338
1017 7.29928
1018 7.34051
1019 7.25996
1020 7.25678
1021 7.40936
1022 7.42575
1023 7.38298
1024 7.40213
1025 7.48812
1026 7.4966
1027 7.46205
1028 7.40489
1029 7.3444
1030 7.33538
1031 7.28379
1032 7.23201
1033 7.15533
1034 7.19204
1035 7.26177
1036 7.31983
1037 7.3679
1038 7.31021
1039 7.35995
1040 7.39465
1041 7.44077
1042 7.51037
1043 7.5293
1044 7.55573
1045 7.35704
1046 7.37045
1047 7.31209
1048 7.32797
1049 7.44858
1050 7.41881
1051 7.37001
1052 7.35886
1053 7.3828
1054 7.34948
1055 7.36139
1056 7.30914
1057 7.30345
1058 7.29988
1059 7.31262
1060 7.33561
1061 7.45161
1062 7.4797
1063 7.44006
1064 7.48109
1065 7.50809
1066 7.54666
1067 7.48056
1068 7.45657
1069 7.52067
1070 7.51529
1071 7.64534
1072 7.5641
1073 7.62535
1074 7.64756
1075 7.70182
1076 7.6852
1077 7.65419
1078 7.70374
1079 7.67534
1080 7.5664
1081 7.5127
1082 7.54721
1083 7.52128
1084 7.46435
1085 7.46215
1086 7.45735
1087 7.35975
1088 7.40976
1089 7.41637
1090 7.48166
1091 7.46635
1092 7.37478
1093 7.48795
1094 7.60089
1095 7.66658
1096 7.66281
1097 7.60007
1098 7.48474
1099 7.22531
1100 7.00588
1101 6.85774
1102 6.76101
1103 6.70349
1104 6.60811
1105 6.55296
1106 6.53611
1107 6.54803
1108 6.56377
1109 6.58198
1110 6.4778
1111 6.51717
1112 6.51835
1113 6.43725
1114 6.48644
1115 6.52035
1116 6.43986
1117 6.50066
1118 6.57721
1119 6.69352
1120 6.63197
1121 6.69032
1122 6.76855
1123 6.74366
1124 6.83142
1125 6.68994
1126 6.65989
1127 6.69894
1128 6.77768
1129 6.65712
1130 6.7087
1131 6.6241
1132 6.56721
1133 6.60691
1134 6.61187
1135 6.53561
1136 6.53506
1137 6.5167
1138 6.53713
1139 6.52693
1140 6.4875
1141 6.46368
1142 6.51394
1143 6.53961
1144 6.56894
1145 6.69149
1146 6.60371
1147 6.58083
1148 6.59831
1149 6.59371
1150 6.70097
1151 6.80696
1152 6.87392
1153 6.81045
1154 6.80005
1155 6.74795
1156 6.54789
1157 6.57632
1158 6.54327
1159 6.50234
1160 6.49174
1161 6.50667
1162 6.45248
1163 6.44378
1164 6.4468
1165 6.41237
1166 6.48106
1167 6.50786
1168 6.51714
1169 6.50351
1170 6.48518
1171 6.5038
1172 6.51876
1173 6.47159
1174 6.49617
1175 6.45568
1176 6.54574
1177 6.61667
1178 6.58017
1179 6.58013
1180 6.58021
1181 6.51332
1182 6.51938
1183 6.50228
1184 6.5242
1185 6.49528
1186 6.53935
1187 6.55668
1188 6.4846
1189 6.4729
1190 6.53533
1191 6.54216
1192 6.50433
1193 6.52695
1194 6.44646
1195 6.47414
1196 6.45979
1197 6.45177
1198 6.48711
1199 6.48414
