0 16.4206
1 15.5978
2 14.8058
3 14.0068
4 13.3084
5 12.6572
6 12.1682
7 11.8468
8 11.5582
9 11.3522
10 11.0569
11 10.8317
12 10.6021
13 10.3877
14 10.1522
15 9.91533
16 9.69259
17 9.42241
18 9.15037
19 8.90274
20 8.75504
21 8.6184
22 8.37125
23 8.10576
24 7.82543
25 7.67686
26 7.55259
27 7.33876
28 7.23651
29 7.08975
30 7.01036
31 6.94114
32 6.82519
33 6.74167
34 6.66878
35 6.61937
36 6.58453
37 6.61597
38 6.56288
39 6.49153
40 6.4111
41 6.29099
42 6.26742
43 6.22172
44 6.13617
45 6.13062
46 6.11737
47 6.0387
48 5.95991
49 5.88756
50 5.82891
51 5.77502
52 5.73211
53 5.73463
54 5.7501
55 5.7174
56 5.70897
57 5.68993
58 5.68134
59 5.72989
60 5.70952
61 5.68843
62 5.67487
63 5.64016
64 5.61488
65 5.56959
66 5.61161
67 5.55944
68 5.51578
69 5.49748
70 5.49595
71 5.50405
72 5.51608
73 5.53934
74 5.52044
75 5.53211
76 5.50676
77 5.50338
78 5.5193
79 5.50509
80 5.51302
81 5.51315
82 5.503
83 5.47932
84 5.47009
85 5.48957
86 5.47182
87 5.46023
88 5.47395
89 5.46984
90 5.46935
91 5.45992
92 5.47767
93 5.43231
94 5.45111
95 5.4802
96 5.45632
97 5.44074
98 5.42663
99 5.44047
100 5.45843
101 5.42447
102 5.40998
103 5.37747
104 5.38922
105 5.38203
106 5.38688
107 5.36282
108 5.35031
109 5.30531
110 5.28085
111 5.26353
112 5.291
113 5.3026
114 5.24766
115 5.17606
116 5.16606
117 5.15336
118 5.14935
119 5.10247
120 5.08397
121 5.06483
122 5.10715
123 5.13098
124 5.15004
125 5.1453
126 5.09736
127 5.08083
128 5.08651
129 5.07257
130 5.06691
131 5.07519
132 5.08734
133 5.05343
134 5.07883
135 5.06111
136 5.04599
137 5.04336
138 5.04398
139 5.06648
140 5.08078
141 5.076
142 5.05799
143 5.08383
144 5.08556
145 5.08477
146 5.05929
147 5.05251
148 5.04518
149 5.12163
150 5.10272
151 5.08408
152 5.06418
153 5.06473
154 5.0191
155 5.04972
156 5.06954
157 5.07577
158 5.07913
159 5.09905
160 5.11633
161 5.07858
162 5.07433
163 5.06697
164 5.09532
165 5.09453
166 5.12721
167 5.10062
168 5.06628
169 5.05101
170 5.09088
171 5.08847
172 5.10159
173 5.09226
174 5.08672
175 5.07284
176 5.06813
177 5.06669
178 5.061
179 5.09007
180 5.10007
181 5.08674
182 5.10306
183 5.11305
184 5.13123
185 5.13531
186 5.09577
187 5.12865
188 5.12623
189 5.11578
190 5.10526
191 5.07687
192 5.06355
193 5.07711
194 5.07547
195 5.0867
196 5.09995
197 5.08337
198 5.07327
199 5.08432
200 5.06104
201 5.05973
202 5.05773
203 5.06727
204 5.1026
205 5.04293
206 5.05696
207 5.06089
208 5.08181
209 5.08539
210 5.09308
211 5.10844
212 5.08412
213 5.06467
214 5.06729
215 5.09935
216 5.09144
217 5.07586
218 5.04876
219 5.08041
220 5.05114
221 5.04908
222 5.06853
223 5.05096
224 5.04882
225 5.04647
226 5.07969
227 5.07859
228 5.0589
229 5.07139
230 5.0638
231 5.08092
232 5.05605
233 5.1064
234 5.09301
235 5.06241
236 5.07136
237 5.16766
238 5.14183
239 5.11029
240 5.09421
241 5.09518
242 5.08196
243 5.03033
244 5.04574
245 5.04313
246 5.07648
247 5.08354
248 5.07157
249 5.09594
250 5.07132
251 5.07213
252 5.07575
253 5.10066
254 5.09706
255 5.09217
256 5.11115
257 5.09008
258 5.10107
259 5.10402
260 5.06751
261 5.06101
262 5.08723
263 5.04558
264 5.03995
265 5.04123
266 5.04566
267 5.05213
268 5.06243
269 5.08705
270 5.09272
271 5.07048
272 5.05992
273 5.05922
274 5.11915
275 5.06292
276 5.05801
277 5.05054
278 5.0413
279 5.04382
280 5.08708
281 5.1223
282 5.11114
283 5.08896
284 5.15895
285 5.12679
286 5.11389
287 5.10039
288 5.10262
289 5.11334
290 5.09553
291 5.10875
292 5.11
293 5.07858
294 5.07997
295 5.08282
296 5.08011
297 5.10376
298 5.09538
299 5.08274
300 5.11197
301 5.09268
302 5.07466
303 5.08977
304 5.09178
305 5.09234
306 5.06676
307 5.10276
308 5.06769
309 5.10137
310 5.10983
311 5.11918
312 5.08829
313 5.12484
314 5.16477
315 5.15139
316 5.08025
317 5.05225
318 5.09816
319 5.09592
320 5.10765
321 5.0893
322 5.09614
323 5.10003
324 5.08582
325 5.07143
326 5.05698
327 5.05923
328 5.03569
329 5.06085
330 5.08908
331 5.05012
332 5.07178
333 5.06878
334 5.07716
335 5.08109
336 5.10343
337 5.08202
338 5.05348
339 5.07236
340 5.10521
341 5.07764
342 5.0735
343 5.04914
344 5.08911
345 5.0708
346 5.06754
347 5.05825
348 5.10596
349 5.05901
350 5.08453
351 5.0905
352 5.09018
353 5.07232
354 5.09876
355 5.09559
356 5.12398
357 5.08142
358 5.06334
359 5.11642
360 5.10605
361 5.10052
362 5.10124
363 5.0894
364 5.09239
365 5.10695
366 5.10547
367 5.0871
368 5.05941
369 5.09724
370 5.03957
371 5.03831
372 5.04907
373 5.04084
374 5.03851
375 5.0316
376 5.05632
377 5.0823
378 5.06565
379 5.13171
380 5.11307
381 5.09457
382 5.07446
383 5.0861
384 5.06625
385 5.08548
386 5.09137
387 5.08177
388 5.05686
389 5.06213
390 5.06774
391 5.07157
392 5.06732
393 5.08031
394 5.08284
395 5.07827
396 5.06317
397 5.06284
398 5.08763
399 5.07268
400 5.07223
401 5.08309
402 5.11156
403 5.09438
404 5.11983
405 5.1239
406 5.14527
407 5.11566
408 5.12558
409 5.08693
410 5.09154
411 5.10157
412 5.08349
413 5.12328
414 5.07307
415 5.08222
416 5.02729
417 4.96568
418 4.9036
419 4.8491
420 4.83507
421 4.85032
422 4.85715
423 4.85333
424 4.85613
425 4.88994
426 4.87222
427 4.89092
428 4.93246
429 4.91009
430 4.91384
431 4.88991
432 4.88218
433 4.86895
434 4.86234
435 4.87308
436 4.86692
437 4.89889
438 4.87195
439 4.88296
440 4.87002
441 4.85919
442 4.85618
443 4.8528
444 4.88011
445 4.89185
446 4.93136
447 4.90581
448 4.89582
449 4.86323
450 4.8705
451 4.89161
452 4.8724
453 4.90147
454 4.88441
455 4.89099
456 4.86222
457 4.84772
458 4.88617
459 4.86753
460 4.8796
461 4.89747
462 4.91233
463 4.89759
464 4.91648
465 4.85237
466 4.83776
467 4.81381
468 4.82763
469 4.85561
470 4.82836
471 4.84271
472 4.82145
473 4.83192
474 4.84285
475 4.85361
476 4.84783
477 4.86048
478 4.83286
479 4.8445
480 4.86429
481 4.82829
482 4.8454
483 4.84549
484 4.86628
485 4.89515
486 4.88034
487 4.8523
488 4.84675
489 4.8161
490 4.82442
491 4.8355
492 4.85343
493 4.84685
494 4.84529
495 4.8343
496 4.85261
497 4.84978
498 4.88418
499 4.84373
