1 4.91745e-05 
0.677472 0.735549 
0.035212 -0.99938 
-0.966439 0.256896 
-0.978881 -0.204431 
0.193801 0.981041 
0.95663 0.291304 
-0.432223 -0.901767 
-0.429775 -0.902936 
0.916987 -0.398918 
-0.743854 0.668342 
-0.992568 -0.121694 
0.48706 -0.873369 
0.9765 0.215519 
0.944111 0.329628 
-0.982638 -0.185531 
-0.475413 -0.879763 
0.99883 0.0483503 
-0.743491 0.668746 
0.913096 0.407744 
-0.868588 0.495535 
-0.386901 -0.922121 
-0.847756 -0.530387 
0.905991 -0.423296 
0.568132 -0.822937 
-0.98572 -0.168392 
0.837649 0.54621 
-0.567688 -0.823244 
-0.863921 0.503627 
-0.301894 -0.953342 
0.845406 -0.534124 
0.0765675 -0.997064
