100 0.161583 0 0
100 0.226216 0 0
100 0.290849 0 0
100 0.355482 0 0
100 0.420115 0 0
100 0.484748 0 0
100 0.549381 0 0
100 0.614014 0 0
100 0.678647 0 0
100 0.74328 0 0
100 0.807913 0 0
100 0.872546 0 0
100 0.937179 0 0
100 1.00181 0.000779955 7.82922e-05
100 1.06645 0.123523 0.000966487
100 1.13108 0.901601 0.00277007
100 1.19571 1.75429 0.00469548
100 1.26034 1.97895 0.00516712
100 1.32498 1.83123 0.00396646
100 1.38961 1.62628 0.00382112
100 1.45424 1.44709 0.00318362
100 1.51888 1.31592 0.00287509
100 1.58351 1.22057 0.00267664
100 1.64814 1.14526 0.00229958
100 1.71278 1.09667 0.00219957
100 1.77741 1.06421 0.00190984
100 1.84204 1.03889 0.00176975
100 1.90667 1.02149 0.00181172
100 1.97131 1.01418 0.00175175
100 2.03594 1.01053 0.00153466
100 2.10057 1.00829 0.00160968
100 2.16521 1.01367 0.00158516
100 2.22984 1.01271 0.001521
100 2.29447 1.01229 0.0014483
100 2.35911 1.01278 0.00129453
100 2.42374 1.01162 0.00140345
100 2.48837 1.00682 0.0011706
100 2.55301 1.00401 0.00122922
100 2.61764 1.00225 0.00120243
100 2.68227 1.00028 0.00112972
100 2.7469 0.998287 0.0011943
100 2.81154 0.995846 0.00114338
100 2.87617 0.996016 0.00107304
100 2.9408 0.997018 0.00109016
100 3.00544 0.993442 0.000916421
100 3.07007 0.993241 0.000969111
100 3.1347 0.993888 0.000945878
100 3.19934 0.995143 0.000982266
100 3.26397 0.995932 0.0010611
100 3.3286 0.99538 0.000872935
100 3.39323 0.995665 0.000845826
100 3.45787 0.994111 0.000790144
100 3.5225 0.996369 0.000915428
100 3.58713 0.996437 0.000949329
100 3.65177 0.998832 0.00095874
100 3.7164 0.997398 0.000790417
100 3.78103 0.998826 0.000757498
100 3.84567 0.997759 0.000705356
100 3.9103 1.00012 0.000747559
100 3.97493 1.00056 0.000798485
100 4.03957 1.00218 0.000787347
100 4.1042 1.00335 0.00077283
100 4.16883 1.00412 0.000792445
100 4.23346 1.0041 0.000729272
100 4.2981 1.00616 0.000695252
100 4.36273 1.00511 0.000621526
100 4.42736 1.00611 0.000744499
100 4.492 1.00703 0.000663709
100 4.55663 1.00648 0.00071094
100 4.62126 1.00619 0.000636518
100 4.6859 1.00801 0.000679213
100 4.75053 1.00935 0.000649891
100 4.81516 1.01013 0.000701708
100 4.87979 1.01042 0.000657684
100 4.94443 1.01028 0.000598745
100 5.00906 1.01083 0.000513221
100 5.07369 1.01172 0.000650762
100 5.13833 1.01208 0.000625511
100 5.20296 1.01394 0.000632233
100 5.26759 1.0137 0.000585584
100 5.33223 1.01431 0.00058105
100 5.39686 1.01464 0.000539547
100 5.46149 1.01566 0.000597705
100 5.52612 1.01668 0.000452006
100 5.59076 1.01593 0.000540425
100 5.65539 1.0167 0.000500986
100 5.72002 1.01748 0.000581531
100 5.78466 1.01781 0.000540888
100 5.84929 1.01834 0.000514311
100 5.91392 1.01898 0.00056382
100 5.97856 1.0193 0.000522709
100 6.04319 1.02062 0.000467996
100 6.10782 1.02066 0.000498175
100 6.17246 1.02034 0.00043215
100 6.23709 1.02139 0.00051336
100 6.30172 1.02172 0.000511261
100 6.36635 1.022 0.000440278
100 6.43099 1.02198 0.000494562
100 6.49562 1.02172 0.000480181
100 6.56025 1.02347 0.000473338
