           1   -0.417838   -0.417838           0
           2   -0.411763   -0.414801  0.00303736
           3   -0.418882   -0.416161  0.00221954
           4   -0.422208   -0.417673  0.00217901
           5   -0.417263   -0.417591  0.00168984
           6   -0.415051   -0.417168  0.00144325
           7    -0.41389   -0.416699  0.00130655
           8   -0.417008   -0.416738  0.00113217
           9   -0.416926   -0.416759 0.000998695
          10   -0.410055   -0.416088  0.00111685
          11   -0.409936   -0.415529  0.00115473
          12   -0.409847   -0.415056  0.00115559
          13   -0.408385   -0.414542  0.00118037
          14   -0.410843   -0.414278   0.0011243
          15   -0.409795   -0.413979   0.0010885
          16    -0.41665   -0.414146  0.00103179
          17    -0.41554   -0.414228 0.000972657
          18   -0.414937   -0.414268 0.000917874
          19   -0.413401   -0.414222 0.000869419
          20    -0.40875   -0.413948 0.000868999
          21     -0.4115   -0.413832 0.000834764
          22    -0.41099   -0.413703 0.000806332
          23   -0.408834   -0.413491 0.000799025
          24   -0.408073   -0.413265 0.000797616
          25   -0.416995   -0.413414 0.000779457
          26     -0.4193   -0.413641 0.000782348
          27   -0.421243   -0.413922 0.000803748
          28   -0.409666    -0.41377  0.00078929
          29   -0.413346   -0.413756 0.000761727
          30   -0.417024   -0.413865 0.000743919
          31   -0.414896   -0.413898  0.00072029
          32   -0.415009   -0.413933 0.000698281
          33   -0.414583   -0.413952 0.000677078
          34   -0.417198   -0.414048 0.000663761
          35   -0.411603   -0.413978 0.000648292
          36   -0.421457   -0.414186 0.000663398
          37   -0.411842   -0.414122 0.000648322
          38   -0.411689   -0.414058 0.000634271
          39    -0.42061   -0.414226 0.000640228
          40   -0.416547   -0.414284 0.000626708
          41    -0.41352   -0.414266 0.000611515
          42    -0.41524   -0.414289 0.000597229
          43   -0.414019   -0.414283 0.000583208
          44   -0.415611   -0.414313 0.000570598
          45   -0.418548   -0.414407  0.00056566
          46   -0.419731   -0.414523 0.000565205
          47   -0.407028   -0.414363 0.000575579
          48   -0.412805   -0.414331 0.000564395
          49   -0.415531   -0.414355 0.000553299
          50   -0.407613    -0.41422  0.00055864
          51   -0.422774   -0.414388 0.000572685
          52   -0.417228   -0.414443 0.000564213
          53   -0.416247   -0.414477 0.000554511
          54   -0.413217   -0.414453 0.000544645
          55   -0.416603   -0.414492 0.000536077
          56   -0.414983   -0.414501  0.00052649
          57   -0.417884   -0.414561 0.000520564
          58   -0.418087   -0.414621 0.000515111
          59   -0.416131   -0.414647 0.000506952
          60   -0.418937   -0.414718 0.000503534
          61   -0.418083   -0.414774 0.000498272
          62   -0.413352   -0.414751 0.000490705
          63   -0.407014   -0.414628 0.000498224
          64   -0.411587    -0.41458 0.000492674
          65    -0.41529   -0.414591 0.000485158
          66   -0.423402   -0.414725  0.00049605
          67   -0.414707   -0.414725  0.00048859
          68   -0.411377   -0.414675 0.000483862
          69    -0.41067   -0.414617 0.000480318
          70   -0.412753   -0.414591 0.000474155
          71   -0.418028   -0.414639  0.00046993
          72   -0.411117    -0.41459 0.000465932
          73   -0.411746   -0.414551 0.000461154
          74    -0.41595    -0.41457 0.000455272
          75   -0.408448   -0.414488 0.000456517
          76   -0.412498   -0.414462 0.000451231
          77   -0.417822   -0.414506 0.000447465
          78   -0.415219   -0.414515 0.000441786
          79   -0.415299   -0.414525 0.000436271
          80   -0.411067   -0.414482 0.000432946
          81   -0.406685   -0.414385 0.000438268
          82   -0.414188   -0.414383 0.000432897
          83   -0.410494   -0.414336 0.000430209
          84   -0.420191   -0.414406 0.000430733
          85    -0.41316   -0.414391 0.000425887
          86   -0.413601   -0.414382 0.000421006
          87   -0.413296    -0.41437 0.000416326
          88   -0.415203   -0.414379 0.000411677
          89   -0.415489   -0.414391 0.000407216
          90    -0.41319   -0.414378 0.000402887
          91   -0.414652   -0.414381 0.000398447
          92   -0.420566   -0.414448 0.000399785
          93   -0.417253   -0.414479 0.000396611
          94   -0.415184   -0.414486 0.000392441
          95   -0.414105   -0.414482 0.000388308
          96   -0.410834   -0.414444 0.000386116
          97   -0.416454   -0.414465 0.000382676
          98   -0.411911   -0.414439 0.000379647
          99   -0.413202   -0.414426    0.000376
         100     -0.4124   -0.414406 0.000372772
