           1   0.0491185   0.0491185           0
           2   0.0487729   0.0489457 0.000172764
           3   0.0489226    0.048938 0.000100041
           4   0.0488058   0.0489049 7.80825e-05
           5   0.0482035   0.0487647  0.00015277
           6   0.0492272   0.0488417 0.000146631
           7    0.048923   0.0488534 0.000124468
           8   0.0485796   0.0488191 0.000113094
           9   0.0490413   0.0488438 0.000102748
          10    0.049715   0.0489309 0.000126632
          11   0.0489716   0.0489346 0.000114603
          12   0.0499315   0.0490177 0.000133591
          13   0.0488531    0.049005 0.000123537
          14    0.049323   0.0490278 0.000116606
          15   0.0496248   0.0490676 0.000115621
          16   0.0491742   0.0490742 0.000108359
          17   0.0489753   0.0490684 0.000101951
          18   0.0489896    0.049064 9.62202e-05
          19   0.0492728    0.049075 9.16762e-05
          20   0.0492085   0.0490817 8.72276e-05
          21   0.0493633   0.0490951 8.40465e-05
          22   0.0491054   0.0490956 8.01366e-05
          23   0.0489124   0.0490876 7.69863e-05
          24   0.0491498   0.0490902 7.37543e-05
          25   0.0490535   0.0490887 7.07579e-05
          26   0.0487051    0.049074  6.9565e-05
          27   0.0495525   0.0490917 6.92455e-05
          28   0.0489425   0.0490864 6.69391e-05
          29   0.0490203   0.0490841 6.46297e-05
          30   0.0493804    0.049094 6.32149e-05
          31   0.0498361   0.0491179 6.56608e-05
          32   0.0493684   0.0491257 6.40559e-05
          33   0.0485453   0.0491081 6.45282e-05
          34   0.0489343    0.049103 6.28101e-05
          35   0.0492913   0.0491084 6.12258e-05
          36   0.0488571   0.0491014 5.99088e-05
          37   0.0490396   0.0490998 5.82911e-05
          38   0.0482909   0.0490785  6.0598e-05
          39   0.0495435   0.0490904 6.02163e-05
          40   0.0495262   0.0491013 5.96943e-05
          41   0.0488262   0.0490946 5.86054e-05
          42   0.0485533   0.0490817 5.86268e-05
          43   0.0488025   0.0490752 5.76141e-05
          44   0.0486234   0.0490649 5.72183e-05
          45    0.048703   0.0490569 5.65078e-05
          46   0.0488927   0.0490533 5.53809e-05
          47   0.0493141   0.0490589  5.4473e-05
          48    0.048394    0.049045 5.50958e-05
          49   0.0487618   0.0490392 5.42683e-05
          50   0.0487566   0.0490336 5.34714e-05
          51    0.048654   0.0490261 5.29383e-05
          52   0.0494858    0.049035 5.26576e-05
          53   0.0479775    0.049015 5.53742e-05
          54     0.04926   0.0490196 5.45281e-05
          55   0.0488101   0.0490158 5.36627e-05
          56   0.0489079   0.0490138 5.27309e-05
          57     0.04875   0.0490092  5.2004e-05
          58   0.0489481   0.0490081 5.11104e-05
          59   0.0485653   0.0490006 5.07944e-05
          60   0.0488257   0.0489977 5.00257e-05
          61   0.0488026   0.0489945 4.93027e-05
          62    0.049847   0.0490083 5.04122e-05
          63   0.0487375    0.049004 4.97914e-05
          64   0.0483351   0.0489935 5.01091e-05
          65   0.0492022   0.0489967 4.94365e-05
          66   0.0488682   0.0489948 4.87207e-05
          67   0.0498064   0.0490069 4.94933e-05
          68    0.049041   0.0490074 4.87626e-05
          69   0.0495945   0.0490159 4.87982e-05
          70   0.0493137   0.0490202 4.82838e-05
          71   0.0493253   0.0490245 4.77926e-05
          72   0.0492324   0.0490274 4.72125e-05
          73   0.0492234     0.04903 4.66387e-05
          74   0.0492574   0.0490331 4.61066e-05
          75     0.04945   0.0490387 4.58261e-05
          76   0.0488025   0.0490356 4.53258e-05
          77   0.0490592   0.0490359 4.47343e-05
          78   0.0486859   0.0490314 4.43845e-05
          79    0.049393    0.049036 4.40575e-05
          80   0.0486742   0.0490314 4.37377e-05
          81   0.0498649   0.0490417 4.44029e-05
          82   0.0493288   0.0490452 4.39975e-05
          83   0.0486457   0.0490404   4.373e-05
          84   0.0483892   0.0490327 4.38962e-05
          85    0.048828   0.0490303 4.34435e-05
          86   0.0494337   0.0490349 4.31908e-05
          87   0.0487835   0.0490321 4.27892e-05
          88   0.0488929   0.0490305 4.23297e-05
          89   0.0486546   0.0490263  4.2064e-05
          90   0.0487904   0.0490236 4.16765e-05
          91   0.0488834   0.0490221 4.12448e-05
          92   0.0488149   0.0490198 4.08561e-05
          93   0.0492898   0.0490227 4.05185e-05
          94   0.0490966   0.0490235 4.00929e-05
          95   0.0491025   0.0490244 3.96773e-05
          96   0.0489234   0.0490233 3.92759e-05
          97   0.0487751   0.0490207  3.8953e-05
          98   0.0486737   0.0490172 3.87157e-05
          99   0.0486779   0.0490138 3.84756e-05
         100   0.0490827   0.0490145 3.80951e-05
